DataFiles/etopo1_-126_-122_46_49_1min.asc
ncols        241
nrows        181
xllcorner    -126.000000000000
yllcorner    46.000000000000
cellsize     0.016666666667
nodata_value    -99999
[rows 120 to 159 of 181, columns 0 to 89 of 241]
-2531 -2493 -2439 -2347 -2201 -2039 -1920 -1774 -1782 -1775 -1764 -1753 -1737 -1721 -1753 -1784 -1797 -1805 -1822 -1830 -1834 -1843 -1852 -1857 -1838 -1804 -1761 -1813 -1815 -1728 -1746 -1802 -1827 -1876 -1904 -1919 -1928 -1928 -1892 -1861 -1853 -1830 -1797 -1753 -1695 -1643 -1608 -1499 -1447 -1381 -1393 -1353 -1210 -1173 -1125 -1049 -1017 -837 -698 -657 -435 -251 -160 -156 -157 -169 -169 -168 -168 -166 -159 -153 -150 -146 -138 -130 -125 -119 -115 -109 -103 -99 -94 -90 -88 -87 -82 -80 -76 -72
-2517 -2462 -2393 -2329 -2161 -2035 -1897 -1741 -1753 -1767 -1769 -1770 -1773 -1787 -1807 -1812 -1820 -1831 -1847 -1854 -1859 -1865 -1877 -1895 -1879 -1844 -1832 -1857 -1839 -1563 -1679 -1837 -1865 -1909 -1938 -1941 -1940 -1935 -1916 -1879 -1864 -1836 -1802 -1762 -1699 -1611 -1521 -1421 -1341 -1329 -1333 -1370 -1372 -1385 -1233 -1109 -1075 -903 -728 -479 -391 -319 -165 -159 -161 -165 -168 -168 -169 -169 -167 -160 -154 -149 -142 -136 -130 -121 -118 -109 -105 -102 -98 -93 -91 -90 -87 -84 -78 -77
-2508 -2434 -2354 -2208 -2137 -2027 -1909 -1782 -1749 -1767 -1778 -1788 -1805 -1835 -1839 -1837 -1842 -1851 -1869 -1873 -1873 -1877 -1889 -1911 -1902 -1871 -1867 -1864 -1858 -1528 -1517 -1849 -1879 -1928 -1947 -1951 -1951 -1942 -1934 -1911 -1881 -1854 -1800 -1768 -1686 -1533 -1413 -1274 -1259 -1255 -1228 -1202 -1315 -1373 -1350 -1207 -981 -782 -671 -405 -404 -351 -236 -197 -179 -170 -171 -174 -175 -186 -189 -184 -163 -155 -147 -140 -132 -126 -121 -110 -109 -104 -101 -97 -94 -93 -89 -87 -82 -79
-2510 -2426 -2311 -2166 -2139 -2040 -1933 -1835 -1779 -1785 -1796 -1811 -1830 -1851 -1853 -1854 -1856 -1861 -1867 -1874 -1876 -1881 -1891 -1904 -1902 -1879 -1876 -1884 -1877 -1783 -1651 -1793 -1862 -1904 -1929 -1942 -1946 -1945 -1935 -1915 -1890 -1851 -1804 -1737 -1629 -1446 -1288 -1183 -1130 -1091 -1088 -1084 -1097 -1181 -1268 -1291 -1060 -907 -772 -602 -456 -360 -230 -209 -208 -200 -175 -175 -185 -211 -272 -252 -191 -158 -147 -140 -134 -129 -123 -114 -110 -106 -102 -100 -96 -93 -92 -88 -84 -82
-2524 -2436 -2329 -2206 -2144 -2057 -1959 -1865 -1803 -1805 -1813 -1829 -1847 -1861 -1864 -1865 -1864 -1863 -1863 -1871 -1876 -1881 -1887 -1896 -1899 -1879 -1873 -1864 -1815 -1562 -1683 -1771 -1841 -1882 -1910 -1933 -1945 -1947 -1940 -1919 -1890 -1857 -1811 -1719 -1508 -1386 -1177 -1028 -967 -963 -995 -1059 -997 -918 -979 -1328 -1280 -893 -766 -585 -506 -428 -352 -300 -295 -245 -191 -189 -225 -284 -316 -303 -207 -163 -146 -141 -136 -128 -126 -116 -112 -108 -104 -101 -98 -94 -92 -88 -84 -83
-2548 -2466 -2379 -2292 -2175 -2079 -1986 -1898 -1817 -1814 -1829 -1846 -1866 -1880 -1880 -1876 -1873 -1872 -1869 -1872 -1875 -1877 -1880 -1885 -1886 -1883 -1870 -1855 -1791 -1530 -1510 -1771 -1839 -1868 -1887 -1922 -1953 -1960 -1954 -1923 -1893 -1875 -1851 -1789 -1542 -1370 -1062 -917 -878 -862 -849 -852 -801 -815 -856 -1111 -1082 -721 -685 -600 -581 -589 -563 -541 -483 -461 -349 -311 -350 -348 -340 -296 -197 -162 -147 -140 -136 -131 -127 -118 -114 -109 -106 -104 -102 -97 -95 -90 -88 -85
-2564 -2502 -2417 -2357 -2210 -2109 -2013 -1921 -1844 -1839 -1846 -1862 -1885 -1908 -1894 -1884 -1879 -1878 -1880 -1876 -1875 -1874 -1873 -1874 -1881 -1881 -1876 -1874 -1826 -1539 -1455 -1775 -1815 -1867 -1886 -1918 -1987 -1994 -1986 -1936 -1906 -1885 -1863 -1840 -1743 -1493 -1057 -906 -857 -819 -796 -730 -716 -741 -837 -959 -973 -855 -799 -756 -717 -677 -688 -705 -658 -559 -525 -376 -291 -245 -222 -203 -178 -158 -148 -139 -137 -131 -128 -124 -118 -111 -109 -106 -103 -101 -98 -93 -89 -88
-2577 -2548 -2487 -2352 -2239 -2133 -2039 -1947 -1857 -1851 -1857 -1870 -1899 -1908 -1896 -1887 -1882 -1878 -1873 -1875 -1874 -1871 -1865 -1862 -1867 -1884 -1886 -1886 -1865 -1647 -1485 -1729 -1830 -1870 -1907 -1949 -2014 -2019 -2001 -1951 -1921 -1887 -1863 -1810 -1713 -1533 -1159 -903 -831 -796 -760 -711 -705 -705 -751 -793 -821 -827 -835 -868 -789 -796 -891 -805 -704 -546 -447 -299 -213 -186 -171 -170 -166 -156 -150 -141 -140 -133 -129 -128 -123 -113 -111 -108 -106 -102 -99 -94 -90 -89
-2600 -2575 -2548 -2451 -2258 -2139 -2067 -1984 -1873 -1862 -1865 -1869 -1891 -1897 -1891 -1887 -1885 -1883 -1877 -1879 -1875 -1866 -1855 -1841 -1834 -1909 -1914 -1912 -1898 -1786 -1523 -1778 -1845 -1867 -1903 -1966 -2013 -2017 -2005 -1965 -1886 -1807 -1731 -1636 -1488 -1366 -1190 -1008 -882 -800 -760 -741 -711 -708 -709 -697 -680 -680 -693 -699 -702 -702 -763 -631 -529 -360 -336 -243 -198 -187 -158 -160 -160 -156 -152 -147 -142 -135 -130 -129 -124 -115 -111 -108 -105 -102 -100 -96 -92 -91
-2592 -2572 -2561 -2541 -2405 -2127 -2097 -2048 -1905 -1880 -1867 -1863 -1872 -1885 -1893 -1895 -1896 -1910 -1917 -1897 -1883 -1871 -1861 -1838 -1829 -1883 -1917 -1917 -1907 -1851 -1541 -1629 -1861 -1885 -1913 -1981 -2018 -2021 -2004 -1928 -1808 -1665 -1552 -1485 -1372 -1310 -1202 -1096 -948 -827 -773 -725 -710 -704 -687 -646 -632 -635 -636 -617 -612 -594 -582 -549 -458 -330 -308 -229 -199 -186 -156 -160 -159 -156 -154 -149 -144 -136 -132 -130 -128 -117 -115 -109 -107 -104 -100 -98 -95 -91
-2582 -2575 -2567 -2552 -2514 -2287 -2145 -2098 -2087 -1944 -1881 -1812 -1906 -1924 -1924 -1924 -1924 -1924 -1922 -1917 -1871 -1861 -1856 -1820 -1820 -1850 -1918 -1930 -1919 -1847 -1717 -1667 -1874 -1903 -1948 -2015 -2037 -2042 -2015 -1892 -1740 -1477 -1430 -1392 -1337 -1294 -1185 -1149 -980 -848 -784 -720 -699 -685 -658 -628 -627 -631 -625 -590 -602 -603 -584 -529 -426 -336 -308 -235 -203 -181 -169 -166 -161 -157 -153 -149 -145 -137 -133 -132 -129 -126 -121 -115 -110 -105 -101 -99 -95 -94
-2575 -2570 -2567 -2558 -2521 -2386 -2299 -2203 -2195 -2121 -1915 -1801 -1893 -1923 -1926 -1924 -1921 -1921 -1917 -1907 -1849 -1846 -1847 -1844 -1858 -1868 -1923 -1931 -1920 -1853 -1792 -1831 -1901 -1921 -1942 -2026 -2044 -2039 -1990 -1885 -1704 -1463 -1392 -1334 -1272 -1220 -1170 -1120 -1008 -886 -801 -747 -691 -653 -646 -631 -636 -643 -643 -633 -628 -624 -601 -518 -452 -376 -334 -255 -222 -190 -175 -172 -165 -158 -152 -149 -145 -141 -137 -134 -130 -129 -122 -117 -111 -107 -103 -100 -96 -94
-2571 -2563 -2561 -2554 -2533 -2433 -2377 -2178 -2206 -2194 -1921 -1776 -1788 -1905 -1905 -1907 -1906 -1905 -1898 -1879 -1838 -1847 -1848 -1839 -1852 -1879 -1920 -1945 -1942 -1885 -1824 -1842 -1938 -1952 -1969 -2054 -2063 -2035 -1977 -1904 -1714 -1442 -1348 -1245 -1186 -1169 -1132 -1078 -1049 -958 -845 -790 -714 -652 -650 -649 -682 -690 -672 -669 -668 -664 -642 -590 -513 -469 -389 -305 -253 -208 -182 -177 -168 -163 -155 -149 -145 -139 -138 -136 -132 -130 -126 -122 -114 -111 -106 -102 -101 -96
-2577 -2569 -2565 -2551 -2538 -2477 -2429 -2187 -2125 -2201 -1983 -1813 -1759 -1891 -1902 -1901 -1901 -1900 -1892 -1876 -1814 -1839 -1845 -1850 -1860 -1860 -1898 -1944 -1952 -1954 -1941 -1954 -1979 -2007 -2043 -2081 -2058 -2011 -1974 -1914 -1783 -1476 -1312 -1198 -1111 -1099 -1075 -1066 -1054 -995 -898 -855 -794 -685 -679 -691 -709 -706 -689 -678 -682 -696 -684 -618 -565 -524 -457 -400 -297 -231 -190 -184 -175 -166 -160 -155 -147 -142 -139 -137 -136 -132 -132 -124 -118 -114 -107 -104 -102 -98
-2580 -2568 -2563 -2551 -2535 -2517 -2424 -2237 -2105 -2194 -2182 -1970 -1755 -1751 -1904 -1911 -1910 -1903 -1893 -1876 -1835 -1836 -1846 -1853 -1857 -1849 -1876 -1922 -1994 -2006 -2023 -2050 -2067 -2106 -2095 -2051 -1997 -1989 -1966 -1902 -1840 -1593 -1368 -1205 -1071 -1040 -1033 -1034 -1027 -976 -925 -872 -831 -766 -749 -750 -748 -737 -717 -702 -701 -701 -699 -676 -595 -562 -490 -434 -333 -256 -198 -190 -183 -173 -168 -158 -153 -147 -143 -136 -134 -132 -132 -127 -123 -116 -111 -105 -102 -99
-2582 -2574 -2570 -2567 -2565 -2551 -2460 -2353 -2235 -2095 -2238 -2181 -1933 -1796 -1757 -1912 -1915 -1919 -1913 -1864 -1840 -1838 -1850 -1852 -1856 -1864 -1905 -1969 -2000 -2006 -2016 -2039 -2045 -2048 -2030 -1999 -1984 -1969 -1940 -1886 -1811 -1663 -1402 -1220 -1024 -991 -991 -988 -977 -968 -924 -904 -854 -846 -824 -809 -800 -773 -737 -712 -709 -707 -703 -669 -642 -587 -531 -412 -354 -272 -219 -201 -188 -182 -173 -162 -158 -149 -145 -139 -136 -134 -133 -130 -124 -119 -115 -110 -103 -100
-2590 -2582 -2576 -2572 -2571 -2556 -2476 -2383 -2275 -2198 -2238 -2217 -2069 -1890 -1728 -1836 -1915 -1924 -1922 -1821 -1853 -1861 -1862 -1856 -1853 -1901 -1965 -2002 -2006 -1999 -1992 -1995 -2003 -2001 -1997 -1987 -1976 -1953 -1919 -1864 -1787 -1660 -1405 -1228 -1065 -982 -975 -974 -973 -973 -953 -947 -941 -937 -871 -834 -820 -796 -767 -725 -718 -723 -720 -712 -679 -651 -550 -479 -415 -325 -261 -227 -201 -187 -178 -170 -162 -157 -146 -142 -141 -138 -137 -134 -129 -123 -119 -115 -104 -100
-2599 -2590 -2581 -2575 -2565 -2539 -2476 -2387 -2285 -2236 -2224 -2201 -2115 -2011 -1806 -1789 -1908 -1915 -1914 -1771 -1728 -1845 -1875 -1879 -1879 -1965 -2024 -2076 -2032 -1973 -1950 -1952 -1978 -1981 -1982 -1971 -1955 -1946 -1917 -1861 -1765 -1619 -1415 -1253 -1136 -1049 -1009 -998 -995 -994 -987 -983 -981 -965 -912 -863 -828 -803 -796 -787 -814 -814 -806 -791 -741 -685 -606 -524 -474 -384 -332 -283 -236 -196 -181 -170 -168 -158 -152 -150 -146 -140 -139 -137 -134 -127 -122 -117 -105 -103
-2609 -2596 -2586 -2578 -2565 -2539 -2487 -2391 -2287 -2254 -2243 -2210 -2123 -2082 -1957 -1918 -1905 -1904 -1897 -1873 -1705 -1805 -1870 -1881 -1914 -1981 -2139 -2149 -2059 -1985 -1914 -1883 -1939 -1962 -1953 -1950 -1948 -1945 -1922 -1873 -1778 -1616 -1453 -1319 -1226 -1170 -1113 -1075 -1042 -1033 -1023 -1005 -1002 -965 -936 -867 -841 -833 -853 -919 -932 -914 -879 -868 -824 -728 -655 -583 -515 -435 -376 -349 -261 -220 -195 -178 -170 -158 -152 -152 -149 -141 -138 -134 -134 -132 -123 -119 -115 -105
-2620 -2597 -2589 -2584 -2576 -2560 -2511 -2418 -2256 -2251 -2261 -2249 -2158 -2046 -2009 -1993 -1952 -1914 -1882 -1872 -1845 -1777 -1838 -1851 -1844 -2018 -2160 -2142 -2072 -2028 -1998 -1793 -1871 -1910 -1922 -1931 -1936 -1935 -1916 -1890 -1838 -1745 -1580 -1421 -1325 -1265 -1216 -1177 -1136 -1058 -1018 -1004 -999 -964 -930 -922 -910 -917 -965 -991 -993 -959 -921 -884 -838 -749 -696 -629 -565 -469 -416 -378 -277 -246 -201 -185 -181 -168 -158 -150 -146 -139 -131 -129 -135 -135 -130 -126 -118 -115
-2601 -2598 -2594 -2589 -2585 -2581 -2567 -2416 -2165 -2140 -2340 -2333 -2209 -2019 -2023 -2066 -2060 -1944 -1872 -1842 -1923 -1853 -1784 -1787 -1792 -1953 -2061 -2157 -2124 -2048 -1976 -1604 -1837 -1897 -1909 -1917 -1919 -1918 -1914 -1914 -1906 -1881 -1847 -1649 -1481 -1405 -1392 -1358 -1212 -1131 -1002 -996 -995 -992 -949 -945 -952 -970 -1020 -1032 -1029 -988 -887 -802 -768 -724 -672 -613 -562 -491 -443 -413 -309 -272 -250 -234 -205 -187 -174 -157 -151 -145 -140 -137 -137 -135 -133 -127 -122 -116
-2600 -2598 -2594 -2591 -2588 -2585 -2583 -2536 -2265 -2152 -2185 -2348 -2331 -2174 -1915 -1909 -2069 -2066 -1975 -1783 -1906 -1986 -1820 -1747 -1698 -1747 -1782 -1900 -2122 -2198 -1992 -1535 -1750 -1897 -1902 -1912 -1913 -1913 -1913 -1915 -1916 -1910 -1902 -1878 -1740 -1641 -1570 -1559 -1274 -1028 -1015 -1009 -1014 -1012 -995 -972 -1035 -982 -1090 -1095 -1071 -1035 -904 -731 -697 -659 -627 -587 -549 -511 -479 -441 -409 -372 -320 -280 -302 -320 -254 -168 -162 -157 -145 -140 -140 -138 -136 -132 -125 -120
-2599 -2597 -2593 -2591 -2589 -2588 -2587 -2571 -2404 -2204 -2158 -2290 -2334 -2296 -2148 -1964 -2085 -2098 -2073 -1955 -1911 -2074 -1899 -1803 -1700 -1735 -1757 -1821 -1976 -2203 -2030 -1546 -1819 -1894 -1902 -1910 -1912 -1909 -1909 -1910 -1911 -1908 -1906 -1900 -1896 -1888 -1781 -1528 -1290 -1116 -1068 -1058 -1058 -1061 -1062 -1100 -1084 -994 -1097 -1132 -1116 -1058 -794 -758 -705 -674 -639 -604 -572 -538 -499 -487 -479 -528 -533 -570 -601 -622 -467 -316 -203 -178 -161 -155 -150 -145 -139 -136 -133 -125
-2618 -2607 -2601 -2600 -2596 -2594 -2591 -2572 -2471 -2304 -2252 -2275 -2292 -2286 -2223 -2109 -2101 -2102 -2088 -2043 -2073 -2078 -2019 -1877 -1812 -1812 -1822 -1887 -1967 -2077 -1957 -1737 -1857 -1891 -1906 -1913 -1922 -1904 -1910 -1912 -1912 -1907 -1898 -1892 -1879 -1847 -1796 -1711 -1638 -1414 -1312 -1255 -1239 -1254 -1225 -1138 -1090 -1075 -1122 -1207 -1156 -1026 -901 -776 -722 -711 -680 -646 -622 -606 -587 -536 -610 -732 -774 -773 -679 -666 -646 -583 -431 -298 -202 -167 -162 -159 -150 -140 -138 -131
-2630 -2625 -2619 -2618 -2617 -2613 -2606 -2590 -2541 -2380 -2299 -2281 -2289 -2287 -2254 -2158 -2127 -2123 -2114 -2073 -2119 -2111 -2049 -1929 -1854 -1848 -1873 -1931 -1941 -1941 -1889 -1860 -1875 -1887 -1902 -1912 -1917 -1891 -1896 -1911 -1916 -1912 -1901 -1886 -1870 -1831 -1817 -1794 -1764 -1615 -1492 -1398 -1330 -1294 -1206 -1158 -1136 -1133 -1186 -1238 -1174 -1044 -974 -886 -794 -767 -740 -678 -650 -653 -693 -767 -861 -926 -967 -909 -817 -782 -737 -682 -666 -540 -287 -192 -175 -171 -161 -147 -144 -135
-2648 -2645 -2637 -2631 -2628 -2629 -2621 -2615 -2600 -2478 -2374 -2282 -2316 -2321 -2298 -2229 -2129 -2155 -2176 -2167 -2144 -2132 -2105 -2015 -1850 -1839 -1919 -1961 -1912 -1866 -1867 -1878 -1894 -1911 -1919 -1917 -1911 -1885 -1885 -1903 -1906 -1906 -1901 -1887 -1873 -1859 -1796 -1801 -1801 -1738 -1651 -1527 -1412 -1339 -1203 -1196 -1195 -1209 -1233 -1246 -1183 -1077 -1014 -971 -887 -829 -787 -746 -706 -729 -846 -1066 -1089 -1019 -1020 -995 -923 -794 -749 -716 -694 -644 -397 -232 -201 -208 -217 -185 -158 -147
-2640 -2634 -2634 -2632 -2631 -2630 -2628 -2608 -2597 -2505 -2384 -2221 -2279 -2324 -2312 -2290 -2130 -2225 -2226 -2210 -2198 -2120 -2132 -2120 -1771 -1700 -2068 -2209 -1836 -1770 -1788 -1873 -1900 -1920 -1936 -1933 -1919 -1891 -1889 -1908 -1905 -1905 -1901 -1890 -1881 -1873 -1861 -1788 -1686 -1747 -1737 -1691 -1542 -1353 -1270 -1258 -1255 -1254 -1249 -1244 -1208 -1119 -1058 -1034 -979 -915 -894 -873 -874 -952 -1143 -1157 -1123 -986 -955 -922 -839 -750 -722 -692 -659 -603 -437 -259 -271 -302 -311 -318 -249 -209
-2634 -2629 -2627 -2624 -2620 -2613 -2605 -2579 -2543 -2467 -2285 -2272 -2322 -2317 -2307 -2249 -2166 -2238 -2236 -2221 -2186 -2091 -2138 -2134 -2080 -1762 -2006 -2268 -2030 -1767 -1767 -1730 -1764 -1890 -1946 -1950 -1948 -1925 -1920 -1932 -1934 -1916 -1904 -1885 -1879 -1880 -1875 -1847 -1777 -1698 -1703 -1663 -1613 -1556 -1403 -1367 -1343 -1306 -1282 -1262 -1240 -1154 -1101 -1088 -1077 -1061 -1039 -1014 -1015 -1124 -1145 -1101 -1006 -895 -871 -834 -683 -657 -614 -506 -475 -415 -366 -399 -450 -438 -427 -408 -434 -405
-2631 -2626 -2622 -2617 -2611 -2602 -2588 -2563 -2523 -2460 -2374 -2330 -2323 -2320 -2307 -2224 -2218 -2223 -2220 -2203 -2144 -2132 -2131 -2105 -1961 -1893 -2238 -2245 -2063 -1792 -1904 -1901 -1737 -1773 -1979 -1990 -1997 -1995 -1974 -1971 -1953 -1927 -1922 -1914 -1901 -1891 -1886 -1874 -1783 -1727 -1706 -1668 -1600 -1575 -1506 -1346 -1432 -1456 -1414 -1339 -1298 -1233 -1143 -1136 -1238 -1256 -1193 -1196 -1193 -1158 -1132 -983 -895 -908 -852 -779 -672 -614 -522 -426 -371 -361 -387 -560 -579 -540 -513 -483 -450 -203
-2628 -2623 -2617 -2611 -2604 -2595 -2580 -2558 -2525 -2479 -2419 -2364 -2335 -2322 -2299 -2233 -2221 -2222 -2221 -2212 -2188 -2161 -2148 -2122 -2088 -2116 -2149 -2128 -1997 -1945 -1943 -1928 -1921 -1904 -1982 -2018 -2086 -2089 -2098 -2067 -1989 -1933 -1930 -1935 -1942 -1937 -1915 -1885 -1816 -1746 -1725 -1704 -1661 -1541 -1526 -1542 -1524 -1572 -1593 -1553 -1346 -1301 -1289 -1324 -1353 -1346 -1314 -1249 -1227 -1187 -1092 -917 -832 -809 -799 -751 -632 -590 -528 -455 -400 -434 -598 -656 -640 -596 -599 -565 -405 -266
-2625 -2618 -2613 -2606 -2600 -2592 -2581 -2564 -2541 -2508 -2465 -2405 -2348 -2302 -2257 -2217 -2216 -2222 -2229 -2233 -2223 -2216 -2192 -2178 -2171 -2176 -2189 -2180 -2160 -2089 -2073 -2068 -2059 -2067 -2078 -2092 -2096 -2114 -2133 -2119 -2040 -1995 -1947 -1965 -1996 -2004 -1990 -1965 -1946 -1860 -1772 -1741 -1666 -1571 -1498 -1673 -1670 -1637 -1623 -1594 -1388 -1332 -1396 -1497 -1503 -1493 -1432 -1327 -1243 -1222 -1100 -961 -829 -800 -787 -748 -659 -629 -618 -568 -505 -704 -732 -734 -729 -751 -787 -573 -465 -266
-2621 -2613 -2609 -2601 -2599 -2593 -2587 -2577 -2566 -2549 -2519 -2456 -2368 -2256 -2186 -2171 -2186 -2220 -2258 -2267 -2257 -2238 -2231 -2210 -2210 -2218 -2221 -2228 -2231 -2215 -2128 -2119 -2131 -2131 -2127 -2109 -2105 -2134 -2140 -2134 -2093 -2079 -2053 -2032 -2077 -2080 -2068 -2032 -2011 -1972 -1895 -1870 -1847 -1855 -1873 -1757 -1703 -1763 -1861 -1876 -1848 -1827 -1757 -1647 -1600 -1552 -1433 -1377 -1273 -1254 -1130 -1085 -976 -843 -788 -767 -729 -691 -672 -668 -739 -813 -825 -794 -778 -816 -767 -611 -551 -253
-2613 -2606 -2596 -2597 -2594 -2592 -2589 -2582 -2580 -2578 -2579 -2520 -2425 -2147 -2054 -2118 -2109 -2200 -2324 -2323 -2274 -2242 -2235 -2222 -2218 -2219 -2214 -2213 -2282 -2307 -2123 -2101 -2134 -2143 -2140 -2088 -2084 -2093 -2171 -2185 -2188 -2178 -2157 -2120 -2107 -2095 -2085 -2053 -2027 -2014 -1999 -1985 -1982 -1970 -1940 -1994 -1961 -1933 -1866 -1814 -1803 -1780 -1826 -1793 -1641 -1592 -1393 -1361 -1329 -1292 -1215 -1174 -1023 -884 -823 -808 -846 -789 -728 -771 -914 -944 -934 -889 -977 -792 -706 -527 -419 -202
-2602 -2585 -2587 -2589 -2585 -2582 -2575 -2567 -2554 -2559 -2559 -2541 -2455 -2266 -2002 -2014 -1925 -1890 -2290 -2327 -2306 -2244 -2236 -2229 -2236 -2252 -2259 -2277 -2333 -2317 -2163 -2136 -2170 -2167 -2164 -2168 -2099 -2161 -2187 -2186 -2180 -2137 -2126 -2141 -2115 -2106 -2111 -2100 -2075 -2025 -2009 -2001 -1996 -1996 -2007 -1986 -1938 -1866 -1810 -1775 -1750 -1704 -1597 -1696 -1744 -1628 -1495 -1353 -1350 -1316 -1281 -1204 -1125 -978 -945 -935 -915 -901 -903 -966 -994 -977 -977 -956 -907 -758 -532 -438 -234 -158
-2588 -2576 -2567 -2562 -2556 -2544 -2536 -2527 -2512 -2514 -2526 -2506 -2452 -2387 -2327 -2093 -1900 -1841 -2008 -2302 -2305 -2272 -2290 -2291 -2294 -2299 -2297 -2320 -2321 -2296 -2276 -2272 -2281 -2253 -2205 -2197 -2183 -2196 -2169 -2149 -2140 -2124 -2120 -2120 -2087 -2076 -2066 -2055 -2017 -1976 -1976 -1980 -1987 -2020 -1979 -1961 -1889 -1852 -1827 -1806 -1657 -1512 -1234 -1243 -1474 -1720 -1634 -1577 -1518 -1398 -1318 -1252 -1230 -1186 -1120 -1083 -1077 -1079 -1073 -1080 -1090 -1003 -955 -863 -822 -717 -515 -269 -182 -149
-2566 -2559 -2554 -2548 -2540 -2537 -2529 -2521 -2509 -2501 -2497 -2483 -2460 -2444 -2413 -2239 -2114 -2085 -2136 -2259 -2298 -2290 -2284 -2271 -2248 -2218 -2198 -2214 -2225 -2229 -2231 -2231 -2217 -2192 -2201 -2204 -2202 -2164 -2129 -2113 -2115 -2112 -2088 -2080 -2052 -2005 -1961 -1896 -1772 -1824 -1872 -1898 -1917 -1941 -1881 -1832 -1761 -1651 -1668 -1693 -1775 -1375 -1206 -1198 -1265 -1404 -1578 -1601 -1578 -1491 -1438 -1388 -1323 -1288 -1257 -1198 -1195 -1184 -1143 -1118 -1101 -1008 -796 -724 -730 -543 -373 -191 -158 -143
-2573 -2564 -2558 -2552 -2545 -2539 -2532 -2524 -2512 -2503 -2495 -2481 -2465 -2463 -2464 -2322 -2237 -2209 -2225 -2274 -2296 -2294 -2281 -2250 -2203 -2117 -2042 -2095 -2160 -2172 -2174 -2168 -2145 -2137 -2135 -2136 -2126 -2100 -2068 -2044 -2008 -1859 -1841 -1884 -1944 -1911 -1881 -1823 -1743 -1755 -1787 -1807 -1805 -1774 -1745 -1688 -1575 -1354 -1307 -1305 -1436 -1333 -1165 -1138 -1165 -1236 -1310 -1354 -1455 -1467 -1459 -1427 -1380 -1340 -1315 -1281 -1255 -1230 -1182 -1123 -1075 -980 -793 -662 -635 -443 -206 -156 -146 -141
-2581 -2572 -2564 -2557 -2551 -2544 -2536 -2528 -2518 -2508 -2496 -2481 -2465 -2457 -2438 -2354 -2305 -2284 -2286 -2305 -2315 -2304 -2281 -2238 -2186 -2115 -2065 -2070 -2100 -2128 -2139 -2113 -2047 -2047 -2063 -2064 -2055 -2033 -2002 -1965 -1902 -1800 -1779 -1781 -1844 -1847 -1834 -1794 -1739 -1737 -1744 -1743 -1727 -1700 -1648 -1604 -1510 -1375 -1276 -1273 -1296 -1254 -1154 -1101 -1089 -1090 -1143 -1197 -1290 -1318 -1356 -1363 -1351 -1363 -1338 -1289 -1273 -1247 -1186 -1136 -1070 -1005 -797 -647 -450 -263 -162 -147 -144 -139
-2588 -2579 -2571 -2563 -2556 -2550 -2542 -2534 -2525 -2514 -2502 -2486 -2466 -2440 -2390 -2362 -2347 -2330 -2332 -2343 -2380 -2357 -2289 -2241 -2190 -2135 -2095 -2086 -2085 -2084 -2071 -2035 -2011 -2002 -2002 -2006 -1999 -1975 -1938 -1904 -1851 -1767 -1735 -1742 -1808 -1822 -1815 -1786 -1743 -1733 -1721 -1699 -1664 -1599 -1585 -1569 -1518 -1422 -1310 -1305 -1288 -1230 -1149 -1065 -1021 -1001 -989 -1047 -1118 -1185 -1183 -1169 -1161 -1168 -1184 -1199 -1157 -1139 -1147 -1118 -1052 -961 -814 -465 -225 -155 -146 -145 -144 -137
-2594 -2585 -2577 -2570 -2563 -2556 -2550 -2542 -2533 -2523 -2511 -2495 -2473 -2439 -2383 -2372 -2368 -2358 -2357 -2360 -2381 -2345 -2285 -2244 -2203 -2161 -2120 -2093 -2076 -2056 -2024 -1993 -1974 -1967 -1965 -1966 -1958 -1930 -1887 -1874 -1822 -1739 -1724 -1742 -1784 -1820 -1806 -1779 -1767 -1717 -1692 -1661 -1618 -1559 -1568 -1569 -1542 -1481 -1342 -1307 -1273 -1239 -1148 -1078 -1029 -979 -958 -971 -1067 -1087 -1078 -1056 -1008 -949 -915 -906 -968 -994 -991 -1005 -951 -826 -548 -408 -183 -144 -143 -144 -139 -135
