DataFiles/etopo1_-126_-122_46_49_1min.asc
ncols        241
nrows        181
xllcorner    -126.000000000000
yllcorner    46.000000000000
cellsize     0.016666666667
nodata_value    -99999
[rows 0 to 39 of 181, columns 0 to 89 of 241]
-79 -73 -67 -61 -56 -52 -48 -44 -41 -38 -35 -33 -30 -28 -25 -23 -20 -16 -12 -6 13 0 1 39 47 48 51 68 208 469 596 265 275 243 70 140 210 69 0 0 0 0 3 117 126 205 594 700 226 3 151 1 25 396 729 522 190 60 33 19 0 223 560 479 308 509 169 1 6 110 133 241 510 724 705 625 839 1017 1070 952 807 741 1043 778 407 289 190 430 923 808
-87 -80 -73 -68 -62 -58 -53 -50 -46 -43 -40 -37 -35 -32 -29 -26 -23 -20 -16 -11 -3 -1 -1 0 54 29 46 57 102 435 437 326 517 414 134 54 19 0 0 0 0 0 0 111 186 499 662 518 94 0 0 0 0 76 291 212 81 23 28 34 4 1 3 1 14 3 0 299 432 328 305 365 317 338 312 453 550 910 917 654 789 414 696 741 642 280 150 227 498 682
-93 -86 -80 -74 -68 -63 -59 -55 -51 -48 -45 -42 -39 -37 -34 -31 -28 -24 -20 -16 -12 -8 -4 -1 25 1 1 54 63 204 368 504 369 107 41 1 0 0 0 0 0 0 0 5 77 153 192 113 36 0 0 0 0 0 0 0 7 0 0 31 0 0 54 199 208 135 179 260 251 349 495 697 722 738 459 389 406 365 445 831 766 346 405 515 538 305 254 231 169 345
-98 -92 -85 -79 -74 -69 -64 -60 -56 -53 -50 -47 -44 -41 -38 -36 -33 -29 -26 -22 -18 -14 -11 -7 -2 1 1 0 40 81 172 124 45 9 0 0 0 -1 -1 -1 0 0 0 0 0 1 3 13 0 -1 0 -1 0 0 0 0 9 1 0 0 0 6 139 137 153 185 320 584 417 291 554 556 541 619 478 515 682 634 428 455 323 331 661 713 630 291 207 369 126 199
-103 -97 -90 -84 -79 -73 -69 -65 -61 -58 -54 -52 -49 -46 -43 -40 -37 -34 -31 -27 -24 -20 -16 -13 -10 -5 -1 2 1 16 50 42 1 -1 -2 -2 -2 -1 -1 -1 0 0 0 0 3 2 0 -1 -1 -1 -1 0 0 0 1 73 135 0 1 70 96 117 166 219 332 552 500 726 500 158 243 339 351 403 476 589 664 625 497 606 259 472 653 557 591 239 174 171 119 327
-107 -101 -94 -88 -83 -78 -73 -69 -66 -62 -59 -56 -53 -51 -48 -45 -42 -40 -36 -33 -30 -27 -23 -20 -16 -12 -9 -4 -1 0 -1 0 -1 -2 -4 -4 -3 -2 0 0 3 0 0 0 1 0 0 -1 -1 -1 -1 -1 0 0 75 112 8 0 0 0 88 139 291 487 444 625 360 323 151 166 319 413 443 466 444 630 610 431 351 309 322 576 400 565 483 219 158 126 152 221
-111 -104 -98 -92 -86 -82 -77 -73 -70 -66 -63 -61 -58 -55 -53 -50 -48 -45 -43 -40 -37 -34 -31 -27 -24 -20 -16 -13 -9 -4 -5 -5 -6 -6 -6 -5 -3 -1 0 0 1 0 0 0 -1 -1 -1 -1 -1 -1 -1 -1 0 10 5 1 0 0 0 0 25 102 130 120 87 116 103 193 363 458 533 388 429 647 745 633 694 504 300 209 540 411 436 620 527 183 94 164 405 500
-114 -108 -101 -95 -90 -85 -81 -77 -73 -70 -67 -65 -62 -60 -58 -56 -54 -51 -49 -46 -44 -41 -38 -35 -32 -29 -25 -22 -18 -16 -14 -13 -12 -12 -10 -8 -5 -1 0 0 0 0 0 -2 -2 -2 -2 -2 -1 -1 -1 0 2 0 0 0 3 1 11 58 80 201 238 169 118 217 328 548 688 690 603 345 525 676 504 722 628 507 242 203 441 260 210 153 115 73 133 367 468 734
-117 -110 -104 -98 -93 -88 -84 -80 -77 -74 -71 -69 -67 -65 -63 -61 -59 -57 -55 -53 -51 -48 -46 -43 -40 -37 -34 -31 -28 -25 -23 -22 -20 -18 -16 -14 -10 -4 0 0 0 1 2 -1 -2 -2 -2 -2 -2 -1 0 0 0 0 2 78 74 323 318 116 362 610 613 243 371 612 647 492 646 541 323 268 314 317 415 557 408 313 255 165 117 63 43 84 124 183 343 595 674 592
-119 -112 -106 -100 -95 -90 -86 -83 -80 -77 -75 -73 -71 -70 -68 -67 -65 -64 -62 -60 -58 -56 -54 -51 -49 -46 -43 -40 -37 -35 -32 -30 -28 -26 -23 -20 -16 -12 -7 -3 -1 -3 -3 -3 -2 -1 0 -1 0 0 0 0 0 6 88 69 127 367 174 219 610 538 303 198 331 321 311 337 335 217 327 566 602 627 610 355 260 398 540 265 71 51 158 365 589 500 566 684 683 508
-120 -114 -108 -102 -97 -92 -88 -85 -82 -80 -78 -76 -75 -74 -73 -72 -71 -70 -69 -68 -66 -64 -62 -60 -57 -55 -52 -49 -47 -44 -41 -39 -36 -33 -31 -27 -24 -20 -16 -13 -11 -10 -8 -7 -4 -1 -1 0 0 0 0 0 21 31 70 115 105 84 94 256 285 211 236 437 637 522 512 555 412 148 261 473 510 337 327 183 282 433 365 156 25 115 332 603 565 534 798 602 622 487
-121 -115 -108 -103 -98 -94 -90 -87 -84 -82 -81 -80 -79 -78 -78 -78 -77 -77 -76 -75 -74 -72 -70 -68 -66 -64 -61 -59 -56 -53 -50 -48 -45 -42 -38 -35 -32 -28 -25 -22 -19 -18 -15 -13 -10 -4 -3 0 0 0 1 27 44 54 37 50 64 125 165 254 268 410 425 499 453 391 555 350 159 299 286 468 277 127 204 376 335 292 240 19 47 274 368 439 264 428 609 458 463 361
-121 -115 -109 -104 -99 -95 -91 -88 -86 -84 -83 -82 -82 -82 -83 -83 -83 -84 -83 -83 -82 -80 -79 -77 -75 -73 -71 -68 -66 -63 -59 -56 -53 -50 -47 -43 -40 -36 -33 -30 -28 -26 -23 -20 -17 -12 -5 -1 1 5 34 40 14 20 71 123 266 424 287 348 475 592 585 440 246 434 387 187 116 208 156 176 185 381 381 340 256 287 37 13 47 113 155 198 263 202 192 201 253 373
-121 -115 -109 -104 -99 -95 -91 -89 -86 -85 -85 -85 -85 -86 -87 -89 -90 -91 -91 -91 -90 -89 -88 -86 -85 -83 -81 -78 -75 -72 -69 -65 -62 -58 -55 -51 -48 -44 -41 -39 -36 -34 -32 -29 -25 -21 -14 -4 0 0 2 6 0 17 123 213 421 522 440 338 457 415 480 222 405 533 221 129 192 339 310 472 536 420 233 307 194 41 73 299 460 313 335 331 387 493 331 277 506 666
-120 -114 -109 -103 -99 -95 -91 -89 -87 -86 -86 -86 -87 -89 -92 -95 -97 -99 -99 -99 -98 -97 -96 -95 -94 -93 -91 -88 -85 -82 -78 -74 -70 -66 -62 -59 -55 -52 -49 -47 -44 -43 -41 -38 -35 -31 -26 -19 -12 -8 -3 -1 2 132 144 270 383 387 401 442 246 364 222 121 133 73 98 162 257 527 567 497 248 92 149 98 22 221 431 677 715 560 622 622 527 319 385 423 510 659
-112 -113 -108 -103 -98 -94 -91 -88 -86 -86 -86 -86 -89 -92 -96 -101 -104 -107 -108 -108 -107 -106 -105 -105 -104 -103 -102 -99 -96 -92 -87 -82 -78 -74 -70 -66 -62 -59 -56 -54 -52 -51 -50 -49 -47 -44 -39 -32 -26 -20 -14 -8 -1 95 119 193 270 300 310 244 367 419 294 359 169 71 109 178 376 331 156 79 90 198 162 59 50 190 432 562 816 627 404 582 424 319 611 834 839 568
-110 -112 -106 -101 -97 -93 -89 -87 -85 -85 -85 -86 -89 -94 -101 -108 -113 -116 -117 -117 -115 -113 -113 -113 -114 -115 -113 -111 -107 -102 -96 -90 -85 -81 -77 -73 -68 -64 -62 -61 -60 -60 -59 -59 -59 -58 -53 -47 -39 -32 -26 -19 -10 0 63 80 131 172 195 198 289 292 174 87 87 134 156 149 96 95 134 164 257 100 27 29 76 155 267 542 657 515 424 674 501 328 592 675 618 381
-109 -110 -105 -100 -95 -91 -87 -85 -83 -83 -83 -83 -87 -94 -105 -116 -123 -127 -128 -126 -121 -118 -118 -120 -125 -127 -126 -123 -119 -113 -106 -96 -89 -86 -84 -79 -72 -68 -66 -66 -66 -67 -69 -71 -72 -73 -71 -61 -53 -45 -38 -30 -23 -14 -5 -3 -2 -1 3 47 126 117 111 65 123 170 148 64 79 138 192 262 67 14 74 56 77 179 407 733 699 456 394 435 318 525 573 532 425 540
-109 -108 -103 -99 -94 -89 -85 -82 -80 -79 -79 -79 -82 -90 -110 -127 -135 -139 -140 -138 -125 -119 -119 -125 -136 -144 -141 -139 -133 -125 -119 -100 -89 -87 -89 -86 -74 -69 -68 -69 -71 -75 -78 -81 -85 -89 -87 -74 -65 -58 -51 -43 -36 -29 -23 -19 -15 -14 -11 -8 -5 -1 0 3 70 106 65 74 92 200 250 128 20 94 124 44 118 434 516 541 575 288 481 335 369 656 474 387 509 803
-107 -107 -102 -97 -92 -86 -82 -79 -76 -76 -74 -72 -72 -75 -120 -143 -148 -153 -154 -149 -118 -111 -115 -128 -148 -178 -152 -150 -153 -150 -131 -96 -80 -79 -85 -83 -70 -68 -68 -70 -77 -83 -88 -92 -95 -95 -93 -85 -77 -70 -63 -57 -50 -44 -39 -34 -30 -26 -23 -20 -19 -13 -9 -6 -3 -1 10 68 55 38 32 32 184 193 39 110 360 794 717 413 267 433 440 417 312 583 497 358 513 639
-106 -106 -102 -96 -93 -85 -80 -74 -73 -72 -71 -69 -63 -62 -65 -114 -140 -120 -75 -81 -89 -96 -130 -146 -207 -201 -188 -178 -158 -105 -87 -66 -65 -67 -67 -64 -63 -66 -70 -77 -87 -95 -101 -103 -101 -99 -98 -93 -87 -81 -75 -70 -64 -58 -54 -49 -44 -40 -35 -32 -30 -24 -20 -17 -13 -10 -7 -4 -2 0 28 30 49 34 91 189 392 652 344 221 572 598 716 497 285 374 470 506 740 587
-107 -105 -103 -97 -94 -90 -83 -77 -73 -71 -68 -67 -65 -63 -62 -60 -61 -64 -63 -60 -61 -62 -83 -104 -141 -117 -100 -69 -65 -65 -65 -70 -69 -69 -69 -70 -75 -81 -89 -93 -98 -108 -108 -108 -107 -105 -102 -101 -97 -92 -88 -83 -77 -72 -65 -63 -58 -53 -47 -43 -40 -35 -31 -27 -24 -22 -19 -16 -14 -10 -6 -2 19 61 79 162 248 273 237 530 735 646 714 549 267 315 337 667 844 831
-110 -108 -105 -102 -97 -93 -86 -80 -77 -74 -71 -68 -66 -64 -61 -59 -58 -57 -57 -56 -56 -57 -59 -66 -93 -87 -73 -71 -72 -76 -80 -82 -82 -82 -83 -90 -96 -101 -108 -110 -112 -105 -108 -109 -108 -108 -109 -105 -104 -103 -100 -97 -93 -87 -84 -74 -70 -66 -59 -53 -49 -44 -41 -38 -36 -33 -31 -28 -26 -22 -18 -15 -6 0 43 98 138 204 248 491 584 606 531 281 342 642 680 579 695 828
-113 -109 -105 -104 -98 -95 -90 -82 -76 -74 -71 -69 -66 -66 -64 -63 -62 -59 -57 -56 -55 -56 -70 -99 -128 -118 -108 -99 -99 -100 -99 -92 -94 -106 -116 -120 -122 -122 -112 -110 -118 -115 -116 -115 -114 -113 -112 -108 -107 -106 -105 -101 -101 -96 -94 -91 -89 -80 -69 -61 -57 -53 -50 -48 -46 -45 -43 -41 -39 -36 -33 -29 -23 -14 -3 27 83 123 183 290 356 365 301 261 383 490 597 623 525 606
-116 -109 -109 -104 -99 -96 -91 -85 -81 -73 -72 -70 -70 -68 -66 -65 -64 -63 -60 -60 -60 -91 -115 -122 -127 -129 -132 -131 -136 -133 -130 -129 -140 -140 -137 -133 -132 -132 -130 -128 -127 -125 -124 -122 -119 -117 -112 -110 -112 -112 -111 -108 -106 -105 -105 -101 -92 -85 -74 -66 -63 -58 -58 -57 -57 -56 -56 -54 -52 -51 -49 -47 -44 -38 -29 -13 -5 33 87 124 139 158 198 263 320 386 423 471 536 397
-114 -110 -107 -102 -98 -90 -86 -83 -79 -77 -75 -73 -74 -73 -72 -71 -67 -66 -66 -63 -62 -62 -62 -71 -98 -123 -126 -113 -134 -136 -112 -115 -123 -127 -132 -145 -151 -142 -137 -135 -132 -126 -123 -117 -117 -118 -120 -111 -108 -103 -104 -107 -103 -106 -111 -108 -100 -82 -75 -71 -68 -61 -59 -60 -61 -66 -69 -67 -66 -65 -65 -66 -66 -65 -59 -51 -40 -26 -11 -5 1 45 99 131 202 253 315 302 221 216
-115 -109 -104 -100 -93 -87 -84 -83 -78 -77 -77 -76 -76 -76 -76 -75 -73 -70 -68 -65 -64 -63 -64 -65 -74 -94 -98 -107 -126 -132 -119 -102 -103 -106 -109 -104 -107 -152 -153 -113 -110 -110 -110 -110 -111 -114 -121 -103 -103 -103 -103 -103 -103 -102 -116 -109 -91 -81 -74 -68 -62 -54 -55 -62 -66 -71 -71 -71 -75 -78 -80 -87 -95 -96 -93 -88 -82 -73 -62 -52 -38 -19 -9 -3 4 57 140 142 196 211
-125 -118 -112 -103 -96 -92 -86 -84 -83 -79 -79 -80 -81 -81 -81 -80 -79 -77 -74 -70 -69 -70 -70 -68 -69 -87 -89 -117 -127 -126 -114 -110 -112 -111 -109 -90 -89 -102 -157 -123 -115 -111 -111 -112 -112 -111 -119 -110 -108 -109 -107 -107 -107 -116 -123 -105 -88 -80 -53 -48 -57 -57 -60 -68 -70 -72 -75 -82 -87 -102 -122 -125 -126 -130 -130 -130 -126 -120 -114 -107 -97 -86 -72 -60 -46 -32 -16 -9 -3 8
-128 -122 -120 -111 -101 -96 -91 -89 -84 -82 -83 -84 -86 -86 -87 -87 -85 -82 -81 -78 -77 -77 -76 -78 -78 -79 -83 -128 -129 -127 -122 -122 -116 -100 -94 -91 -90 -106 -145 -141 -124 -118 -116 -115 -116 -115 -120 -129 -123 -115 -116 -117 -120 -123 -134 -122 -107 -89 -77 -67 -56 -49 -57 -69 -69 -70 -79 -99 -121 -145 -153 -168 -176 -174 -172 -175 -174 -173 -170 -166 -162 -153 -143 -131 -119 -105 -91 -74 -59 -43
-136 -125 -122 -117 -110 -103 -98 -92 -91 -92 -93 -92 -90 -89 -91 -91 -91 -89 -88 -86 -85 -84 -83 -84 -86 -89 -93 -131 -131 -129 -121 -96 -92 -92 -92 -94 -104 -136 -132 -131 -142 -139 -136 -135 -135 -134 -134 -133 -131 -129 -128 -128 -131 -136 -141 -143 -135 -108 -93 -84 -73 -70 -68 -71 -75 -74 -77 -98 -148 -173 -209 -216 -217 -216 -216 -216 -215 -218 -216 -216 -213 -212 -204 -197 -189 -183 -170 -150 -128 -110
-144 -137 -127 -125 -118 -112 -110 -108 -106 -105 -102 -100 -98 -97 -96 -96 -96 -95 -95 -95 -96 -97 -98 -102 -105 -125 -135 -134 -132 -123 -94 -92 -94 -97 -98 -109 -139 -147 -147 -146 -146 -146 -145 -145 -144 -143 -142 -136 -132 -129 -131 -133 -136 -142 -149 -153 -147 -136 -103 -97 -89 -87 -87 -87 -83 -82 -82 -84 -184 -224 -238 -246 -244 -241 -246 -256 -256 -255 -254 -252 -244 -244 -240 -233 -228 -222 -216 -202 -196 -181
-151 -143 -135 -131 -128 -124 -123 -121 -118 -114 -108 -104 -102 -101 -102 -103 -102 -100 -99 -97 -97 -97 -96 -95 -94 -102 -102 -94 -91 -91 -92 -96 -99 -106 -136 -151 -151 -151 -152 -152 -155 -157 -156 -152 -150 -149 -147 -145 -143 -144 -144 -141 -145 -150 -158 -159 -156 -139 -113 -102 -98 -97 -98 -96 -94 -92 -142 -192 -231 -253 -259 -266 -273 -276 -274 -263 -260 -257 -255 -253 -253 -251 -246 -241 -234 -230 -222 -221 -219 -215
-163 -156 -149 -141 -137 -138 -134 -133 -130 -127 -121 -115 -109 -107 -108 -111 -110 -106 -104 -100 -99 -98 -97 -96 -95 -94 -93 -93 -93 -95 -101 -115 -141 -153 -155 -155 -156 -158 -159 -160 -161 -161 -160 -159 -158 -157 -154 -152 -151 -151 -150 -151 -154 -175 -181 -166 -147 -131 -125 -110 -101 -101 -102 -100 -117 -164 -205 -236 -261 -273 -287 -295 -294 -291 -279 -266 -261 -261 -261 -257 -254 -251 -250 -249 -241 -238 -237 -233 -225 -218
-170 -167 -160 -156 -153 -150 -145 -140 -137 -131 -126 -123 -116 -114 -116 -118 -118 -117 -114 -111 -107 -106 -105 -104 -103 -103 -106 -112 -121 -133 -146 -151 -153 -154 -154 -157 -158 -160 -162 -165 -166 -166 -166 -165 -164 -162 -160 -158 -156 -156 -155 -159 -164 -173 -177 -179 -181 -178 -166 -152 -138 -107 -113 -171 -200 -216 -250 -263 -275 -294 -314 -315 -307 -275 -265 -251 -249 -250 -236 -245 -262 -263 -261 -256 -250 -249 -241 -240 -238 -237
-176 -176 -175 -172 -168 -167 -157 -150 -147 -140 -137 -135 -132 -130 -131 -131 -133 -134 -133 -132 -130 -130 -129 -128 -128 -128 -128 -128 -127 -126 -127 -133 -157 -158 -158 -158 -160 -163 -168 -176 -180 -178 -173 -168 -166 -165 -164 -162 -161 -159 -159 -161 -159 -114 -108 -113 -139 -179 -180 -183 -188 -225 -248 -248 -251 -256 -260 -266 -290 -322 -324 -316 -292 -269 -264 -253 -209 -154 -146 -143 -160 -190 -216 -222 -229 -238 -241 -242 -241 -240
-185 -187 -189 -192 -281 -203 -162 -155 -150 -147 -144 -140 -139 -138 -137 -136 -137 -137 -136 -135 -133 -131 -130 -129 -129 -128 -128 -128 -127 -127 -129 -132 -129 -129 -135 -159 -163 -167 -174 -157 -124 -125 -169 -172 -172 -180 -185 -170 -166 -166 -166 -164 -116 -110 -109 -110 -110 -138 -187 -228 -241 -274 -271 -261 -241 -231 -241 -268 -325 -322 -310 -270 -266 -213 -198 -179 -163 -137 -147 -109 -90 -108 -100 -150 -182 -195 -202 -203 -214 -226
-211 -230 -306 -365 -442 -302 -196 -162 -154 -151 -149 -148 -148 -148 -147 -141 -136 -138 -138 -138 -137 -134 -132 -130 -129 -128 -130 -131 -134 -134 -132 -129 -128 -130 -134 -171 -174 -173 -142 -121 -121 -120 -123 -123 -122 -128 -191 -179 -172 -171 -170 -121 -114 -112 -111 -112 -111 -113 -176 -213 -293 -292 -253 -242 -222 -220 -232 -327 -336 -309 -250 -240 -202 -149 -126 -76 -42 -59 -72 -73 -50 -57 -68 -65 -64 -84 -102 -143 -144 -158
-267 -427 -474 -513 -493 -378 -269 -226 -159 -152 -150 -150 -149 -151 -152 -149 -141 -144 -145 -146 -143 -141 -137 -136 -135 -136 -137 -138 -138 -136 -135 -130 -129 -131 -137 -178 -179 -141 -126 -121 -119 -117 -116 -117 -119 -164 -184 -183 -175 -173 -164 -117 -116 -115 -115 -115 -113 -123 -177 -252 -285 -172 -116 -125 -127 -139 -284 -327 -320 -229 -215 -181 -109 -105 -99 -55 -11 44 29 94 87 60 -2 -11 -8 -42 -61 -72 -98 -115
-432 -593 -608 -607 -528 -468 -405 -300 -166 -154 -150 -149 -150 -151 -153 -152 -145 -145 -147 -148 -148 -147 -144 -141 -144 -148 -146 -143 -142 -136 -134 -132 -131 -130 -131 -172 -172 -132 -125 -119 -118 -116 -115 -121 -163 -181 -181 -180 -178 -177 -162 -119 -119 -120 -124 -122 -126 -157 -194 -299 -281 -135 -116 -118 -121 -177 -319 -323 -226 -205 -169 -83 -72 -78 -73 -56 -23 0 222 276 277 216 45 -1 4 39 -5 -14 -31 -62
-670 -677 -669 -624 -534 -456 -367 -256 -173 -164 -157 -154 -153 -152 -151 -148 -143 -142 -143 -143 -143 -142 -142 -142 -143 -145 -144 -143 -139 -138 -136 -135 -133 -130 -129 -132 -166 -128 -120 -118 -118 -117 -118 -166 -181 -180 -181 -182 -181 -182 -150 -125 -136 -121 -111 -111 -127 -198 -223 -260 -288 -189 -142 -136 -181 -298 -320 -274 -187 -165 -75 -56 -50 -50 -61 -52 -35 -22 0 54 46 55 51 118 135 132 107 44 -1 -10
