DataFiles/etopo1_-126_-122_46_49_1min.asc
ncols        241
nrows        181
xllcorner    -126.000000000000
yllcorner    46.000000000000
cellsize     0.016666666667
nodata_value    -99999
[rows 80 to 119 of 181, columns 0 to 89 of 241]
-1500 -1468 -1444 -1422 -1426 -1467 -1495 -1518 -1532 -1515 -1448 -1364 -1310 -1284 -1288 -1284 -1281 -1271 -1254 -1243 -1277 -1311 -1316 -1300 -1253 -1211 -1164 -1108 -1108 -1123 -1123 -1107 -1106 -1103 -1086 -1070 -1054 -1029 -1016 -1009 -1007 -984 -949 -912 -880 -817 -794 -751 -716 -703 -641 -598 -525 -437 -290 -184 -178 -173 -170 -164 -156 -149 -137 -128 -125 -117 -114 -109 -105 -102 -98 -95 -88 -84 -78 -73 -69 -65 -62 -61 -55 -52 -48 -44 -41 -39 -34 -30 -28 -26
-1482 -1463 -1445 -1434 -1436 -1455 -1480 -1510 -1540 -1516 -1470 -1457 -1452 -1434 -1357 -1348 -1341 -1340 -1344 -1329 -1322 -1323 -1323 -1301 -1264 -1224 -1182 -1145 -1132 -1135 -1135 -1126 -1125 -1122 -1098 -1077 -1059 -1050 -1023 -999 -991 -962 -945 -879 -828 -795 -760 -725 -693 -661 -639 -579 -505 -383 -307 -194 -181 -179 -174 -168 -160 -154 -143 -131 -127 -122 -115 -113 -108 -103 -101 -95 -91 -88 -83 -75 -71 -67 -65 -61 -59 -53 -49 -45 -44 -40 -37 -32 -29 -27
-1462 -1455 -1443 -1440 -1440 -1446 -1464 -1489 -1525 -1503 -1479 -1478 -1491 -1476 -1403 -1394 -1390 -1390 -1398 -1382 -1359 -1344 -1330 -1308 -1274 -1235 -1198 -1166 -1149 -1148 -1152 -1201 -1146 -1124 -1089 -1081 -1069 -1046 -1024 -967 -926 -901 -868 -832 -811 -764 -739 -711 -674 -653 -642 -561 -497 -403 -334 -219 -185 -185 -178 -173 -165 -159 -147 -138 -130 -125 -118 -115 -112 -104 -101 -98 -94 -89 -85 -76 -71 -70 -66 -63 -61 -54 -50 -46 -43 -41 -38 -34 -30 -28
-1453 -1452 -1441 -1433 -1432 -1434 -1443 -1456 -1470 -1469 -1467 -1469 -1497 -1501 -1492 -1429 -1414 -1415 -1436 -1424 -1384 -1372 -1366 -1320 -1281 -1244 -1209 -1185 -1159 -1149 -1147 -1120 -1116 -1098 -1052 -1049 -1046 -1018 -913 -893 -884 -875 -861 -831 -806 -785 -723 -679 -649 -637 -603 -548 -503 -457 -382 -262 -194 -186 -184 -175 -171 -166 -155 -144 -132 -128 -123 -117 -114 -108 -103 -99 -96 -93 -88 -82 -74 -70 -67 -66 -62 -56 -51 -49 -44 -42 -38 -36 -31 -29
-1456 -1454 -1437 -1402 -1404 -1411 -1416 -1419 -1420 -1424 -1429 -1436 -1462 -1469 -1467 -1441 -1413 -1417 -1438 -1417 -1391 -1384 -1365 -1325 -1285 -1250 -1208 -1176 -1155 -1134 -1106 -1018 -1004 -980 -943 -934 -885 -813 -872 -882 -882 -876 -858 -829 -800 -766 -704 -645 -611 -599 -555 -538 -510 -486 -411 -319 -225 -192 -190 -182 -177 -171 -165 -152 -139 -132 -126 -122 -117 -112 -105 -102 -97 -95 -89 -88 -77 -72 -69 -66 -64 -59 -52 -50 -47 -43 -39 -37 -32 -30
-1483 -1472 -1441 -1387 -1389 -1393 -1395 -1390 -1376 -1374 -1381 -1385 -1383 -1377 -1347 -1343 -1387 -1407 -1415 -1411 -1391 -1397 -1338 -1307 -1240 -1193 -1181 -1172 -1155 -1136 -1074 -1002 -997 -959 -938 -928 -810 -779 -846 -879 -889 -887 -865 -829 -784 -724 -689 -621 -597 -579 -541 -536 -520 -492 -449 -389 -286 -216 -195 -186 -181 -178 -171 -161 -148 -139 -129 -125 -121 -116 -109 -105 -101 -97 -90 -89 -81 -77 -71 -68 -67 -62 -53 -50 -49 -43 -41 -36 -33 -30
-1546 -1512 -1455 -1398 -1390 -1389 -1384 -1369 -1346 -1345 -1345 -1340 -1324 -1318 -1325 -1342 -1367 -1395 -1400 -1410 -1419 -1424 -1318 -1287 -1252 -1217 -1205 -1193 -1178 -1146 -1075 -1012 -1006 -982 -943 -929 -771 -764 -845 -901 -921 -915 -883 -841 -777 -717 -683 -625 -582 -569 -556 -543 -533 -518 -479 -458 -387 -263 -206 -198 -188 -183 -172 -167 -157 -146 -137 -131 -124 -120 -112 -108 -105 -100 -92 -87 -84 -78 -72 -71 -68 -63 -57 -52 -50 -45 -42 -38 -35 -31
-1631 -1576 -1480 -1401 -1391 -1390 -1382 -1350 -1332 -1327 -1314 -1302 -1304 -1329 -1372 -1407 -1422 -1432 -1434 -1442 -1451 -1449 -1449 -1383 -1327 -1293 -1266 -1245 -1218 -1190 -1119 -1084 -1044 -997 -978 -922 -636 -732 -888 -948 -944 -940 -914 -862 -794 -724 -683 -624 -580 -574 -552 -551 -552 -555 -553 -535 -506 -370 -264 -221 -202 -186 -178 -172 -166 -158 -147 -136 -130 -124 -116 -109 -107 -101 -98 -91 -84 -80 -74 -72 -68 -64 -59 -53 -49 -48 -43 -40 -35 -32
-1728 -1684 -1495 -1384 -1389 -1396 -1394 -1365 -1296 -1304 -1302 -1301 -1325 -1367 -1444 -1491 -1507 -1499 -1483 -1478 -1478 -1479 -1480 -1451 -1391 -1353 -1331 -1309 -1283 -1268 -1246 -1163 -1109 -1041 -927 -876 -685 -732 -1038 -1062 -1051 -1004 -962 -896 -813 -742 -690 -635 -589 -584 -573 -572 -575 -578 -595 -614 -631 -512 -386 -410 -359 -206 -189 -178 -173 -169 -155 -142 -135 -128 -122 -114 -109 -104 -99 -96 -86 -82 -75 -75 -71 -67 -60 -54 -50 -48 -43 -41 -35 -33
-1768 -1760 -1667 -1389 -1392 -1403 -1394 -1375 -1323 -1313 -1329 -1363 -1406 -1494 -1504 -1518 -1547 -1553 -1548 -1531 -1511 -1500 -1491 -1471 -1436 -1400 -1380 -1377 -1351 -1332 -1320 -1300 -1200 -1120 -1018 -987 -1081 -1170 -1279 -1265 -1199 -1106 -1024 -938 -840 -759 -705 -644 -599 -595 -599 -599 -598 -607 -655 -735 -747 -737 -731 -657 -430 -387 -261 -188 -181 -182 -166 -151 -143 -132 -126 -118 -111 -108 -102 -99 -91 -87 -78 -76 -72 -70 -63 -57 -52 -49 -44 -42 -37 -34
-1770 -1759 -1666 -1438 -1436 -1437 -1437 -1407 -1347 -1370 -1401 -1435 -1481 -1535 -1547 -1568 -1575 -1572 -1571 -1559 -1532 -1524 -1519 -1492 -1463 -1433 -1409 -1393 -1387 -1374 -1370 -1353 -1287 -1232 -1176 -1268 -1343 -1379 -1409 -1398 -1353 -1198 -1092 -997 -884 -777 -719 -656 -611 -602 -603 -600 -599 -612 -686 -822 -948 -955 -934 -644 -526 -557 -390 -206 -211 -252 -212 -171 -153 -138 -131 -122 -114 -112 -106 -101 -96 -90 -83 -79 -75 -70 -66 -59 -54 -49 -47 -41 -38 -34
-1747 -1720 -1636 -1534 -1513 -1516 -1509 -1479 -1450 -1452 -1467 -1495 -1530 -1565 -1580 -1586 -1589 -1588 -1581 -1557 -1537 -1532 -1534 -1545 -1489 -1455 -1432 -1416 -1410 -1401 -1390 -1378 -1359 -1344 -1359 -1409 -1413 -1420 -1423 -1419 -1367 -1264 -1165 -1072 -927 -816 -722 -657 -625 -605 -597 -596 -614 -655 -765 -873 -1009 -1045 -992 -819 -758 -546 -444 -382 -329 -427 -410 -324 -218 -155 -136 -128 -117 -114 -111 -105 -101 -94 -87 -80 -78 -72 -67 -62 -55 -50 -47 -43 -39 -36
-1726 -1704 -1666 -1594 -1572 -1567 -1568 -1553 -1524 -1516 -1525 -1545 -1573 -1601 -1604 -1604 -1606 -1606 -1572 -1553 -1532 -1528 -1527 -1524 -1498 -1470 -1449 -1434 -1427 -1428 -1431 -1427 -1419 -1433 -1434 -1441 -1451 -1445 -1436 -1430 -1377 -1288 -1233 -1163 -973 -858 -755 -673 -639 -629 -625 -691 -751 -885 -901 -961 -1088 -1079 -1013 -921 -769 -555 -497 -501 -788 -769 -704 -618 -441 -229 -153 -135 -123 -120 -113 -109 -100 -97 -88 -86 -80 -75 -70 -65 -56 -53 -47 -44 -41 -36
-1722 -1710 -1701 -1675 -1613 -1589 -1583 -1575 -1566 -1564 -1574 -1590 -1609 -1623 -1619 -1608 -1604 -1582 -1573 -1533 -1514 -1511 -1511 -1508 -1498 -1474 -1462 -1453 -1447 -1447 -1447 -1464 -1465 -1461 -1461 -1461 -1463 -1463 -1462 -1469 -1468 -1434 -1308 -1212 -1029 -894 -796 -719 -675 -665 -681 -758 -905 -1054 -1144 -1150 -1130 -1114 -1053 -953 -826 -657 -565 -716 -929 -952 -916 -880 -583 -454 -269 -186 -131 -120 -113 -109 -102 -98 -93 -89 -82 -79 -72 -66 -63 -54 -51 -44 -41 -37
-1721 -1712 -1713 -1708 -1631 -1599 -1583 -1583 -1594 -1606 -1616 -1629 -1647 -1667 -1659 -1620 -1555 -1417 -1421 -1472 -1479 -1485 -1497 -1510 -1486 -1472 -1468 -1466 -1459 -1447 -1438 -1457 -1464 -1464 -1479 -1485 -1484 -1484 -1479 -1476 -1471 -1438 -1298 -1198 -1089 -942 -833 -738 -699 -682 -733 -814 -956 -1185 -1232 -1274 -1232 -1143 -1101 -1027 -920 -772 -820 -944 -1026 -1021 -990 -934 -716 -607 -488 -285 -151 -129 -121 -114 -106 -101 -97 -91 -87 -81 -74 -70 -67 -58 -54 -46 -41 -38
-1725 -1708 -1706 -1701 -1618 -1593 -1594 -1611 -1635 -1648 -1654 -1662 -1676 -1694 -1687 -1653 -1603 -1457 -1360 -1395 -1428 -1432 -1448 -1478 -1470 -1466 -1469 -1481 -1498 -1495 -1458 -1465 -1479 -1482 -1482 -1484 -1489 -1485 -1481 -1481 -1482 -1465 -1315 -1228 -1100 -966 -856 -775 -742 -765 -793 -892 -1073 -1232 -1286 -1293 -1285 -1243 -1201 -1162 -1123 -1114 -1106 -1133 -1141 -1095 -1043 -978 -903 -717 -662 -384 -297 -147 -129 -121 -116 -108 -99 -95 -88 -82 -78 -72 -69 -64 -59 -52 -45 -43
-1733 -1698 -1648 -1567 -1506 -1579 -1619 -1676 -1690 -1686 -1678 -1679 -1691 -1714 -1712 -1695 -1662 -1542 -1430 -1350 -1375 -1403 -1373 -1423 -1469 -1462 -1463 -1498 -1506 -1508 -1501 -1488 -1483 -1487 -1495 -1505 -1510 -1504 -1496 -1491 -1489 -1448 -1290 -1199 -1094 -979 -851 -817 -805 -882 -945 -1115 -1233 -1336 -1350 -1345 -1351 -1335 -1304 -1293 -1299 -1246 -1214 -1201 -1199 -1187 -1160 -1075 -1003 -927 -742 -456 -380 -173 -139 -126 -117 -110 -105 -97 -93 -83 -81 -75 -73 -64 -62 -56 -49 -43
-1749 -1711 -1649 -1525 -1518 -1645 -1730 -1764 -1757 -1725 -1699 -1677 -1699 -1727 -1727 -1733 -1729 -1696 -1651 -1479 -1318 -1280 -1260 -1244 -1393 -1445 -1449 -1491 -1506 -1511 -1517 -1520 -1520 -1515 -1514 -1512 -1512 -1510 -1507 -1499 -1489 -1425 -1309 -1187 -1047 -975 -833 -828 -893 -1104 -1297 -1342 -1398 -1430 -1409 -1404 -1398 -1382 -1389 -1356 -1328 -1286 -1230 -1267 -1256 -1247 -1214 -1143 -1121 -1003 -873 -506 -427 -209 -146 -131 -121 -109 -106 -98 -95 -86 -82 -76 -74 -67 -63 -57 -52 -45
-1769 -1752 -1736 -1775 -1784 -1790 -1801 -1795 -1771 -1746 -1733 -1604 -1655 -1756 -1752 -1750 -1744 -1722 -1703 -1622 -1313 -1236 -1242 -1250 -1349 -1438 -1454 -1484 -1509 -1516 -1528 -1543 -1542 -1533 -1532 -1531 -1529 -1524 -1519 -1515 -1503 -1424 -1317 -1182 -1054 -1006 -833 -822 -1081 -1391 -1476 -1460 -1477 -1524 -1506 -1456 -1449 -1450 -1448 -1409 -1369 -1361 -1313 -1288 -1264 -1246 -1206 -1152 -1128 -1005 -889 -530 -440 -233 -152 -135 -123 -114 -107 -100 -96 -89 -84 -78 -73 -70 -65 -57 -53 -47
-1783 -1763 -1819 -1898 -1883 -1844 -1819 -1795 -1773 -1750 -1748 -1661 -1556 -1747 -1747 -1746 -1740 -1734 -1711 -1694 -1453 -1192 -1215 -1239 -1343 -1430 -1453 -1460 -1501 -1525 -1545 -1549 -1547 -1539 -1537 -1550 -1548 -1543 -1531 -1525 -1527 -1439 -1333 -1205 -1095 -1064 -915 -1022 -1456 -1619 -1595 -1486 -1479 -1528 -1543 -1465 -1453 -1461 -1452 -1416 -1328 -1304 -1269 -1226 -1187 -1164 -1058 -935 -869 -831 -800 -641 -579 -416 -167 -138 -125 -116 -110 -102 -97 -90 -85 -81 -73 -70 -66 -60 -54 -51
-1916 -1728 -1512 -1608 -1810 -1820 -1821 -1813 -1785 -1753 -1744 -1725 -1711 -1744 -1749 -1751 -1753 -1758 -1762 -1700 -1547 -1154 -1183 -1220 -1337 -1440 -1457 -1458 -1502 -1542 -1560 -1567 -1567 -1540 -1536 -1539 -1536 -1542 -1543 -1539 -1536 -1465 -1383 -1287 -1204 -1193 -1272 -1405 -1666 -1629 -1591 -1442 -1398 -1396 -1425 -1385 -1392 -1399 -1326 -1251 -1232 -1127 -1013 -988 -1019 -991 -779 -764 -758 -589 -584 -506 -567 -547 -206 -140 -127 -117 -111 -102 -98 -92 -87 -83 -76 -69 -66 -61 -56 -52
-1941 -1889 -1687 -1532 -1719 -1774 -1778 -1793 -1797 -1771 -1756 -1746 -1748 -1756 -1758 -1761 -1766 -1772 -1769 -1697 -1591 -1145 -1136 -1230 -1327 -1453 -1470 -1499 -1558 -1578 -1591 -1605 -1608 -1587 -1546 -1542 -1546 -1558 -1558 -1554 -1542 -1501 -1439 -1397 -1377 -1440 -1520 -1628 -1666 -1584 -1468 -1272 -1185 -1117 -1178 -1205 -1187 -1146 -1103 -1112 -1157 -1121 -1037 -849 -838 -840 -671 -599 -483 -358 -295 -300 -320 -440 -234 -144 -128 -113 -110 -103 -98 -94 -86 -83 -77 -71 -68 -62 -59 -53
-1905 -1858 -1689 -1589 -1629 -1727 -1760 -1784 -1802 -1789 -1771 -1762 -1761 -1761 -1763 -1769 -1776 -1783 -1787 -1712 -1605 -1233 -1111 -1249 -1312 -1408 -1486 -1579 -1613 -1616 -1621 -1635 -1640 -1633 -1613 -1599 -1590 -1592 -1590 -1583 -1559 -1537 -1490 -1467 -1473 -1529 -1551 -1532 -1452 -1230 -1144 -1102 -1048 -995 -1003 -1003 -991 -932 -836 -890 -1018 -1063 -898 -813 -711 -633 -512 -413 -288 -218 -206 -200 -204 -255 -202 -147 -127 -114 -111 -102 -97 -95 -87 -82 -78 -73 -68 -64 -59 -55
-1853 -1819 -1698 -1587 -1642 -1708 -1747 -1775 -1793 -1789 -1778 -1769 -1763 -1759 -1768 -1777 -1784 -1793 -1795 -1739 -1694 -1559 -1159 -1181 -1318 -1399 -1483 -1572 -1627 -1627 -1639 -1666 -1686 -1684 -1668 -1658 -1645 -1638 -1636 -1633 -1618 -1575 -1525 -1487 -1480 -1472 -1442 -1339 -1179 -1113 -1046 -1033 -978 -900 -874 -865 -851 -766 -748 -731 -840 -949 -882 -861 -716 -598 -517 -451 -419 -222 -185 -179 -176 -159 -151 -138 -128 -117 -111 -102 -97 -93 -88 -83 -79 -74 -70 -66 -61 -58
-1874 -1824 -1732 -1646 -1685 -1725 -1753 -1768 -1778 -1782 -1781 -1778 -1773 -1771 -1778 -1784 -1788 -1795 -1805 -1756 -1707 -1704 -1550 -1311 -1378 -1428 -1491 -1549 -1593 -1625 -1656 -1695 -1742 -1736 -1712 -1706 -1708 -1707 -1679 -1677 -1677 -1637 -1552 -1497 -1455 -1409 -1355 -1257 -1123 -1082 -998 -937 -838 -798 -807 -801 -776 -681 -602 -590 -554 -510 -577 -765 -718 -581 -443 -307 -245 -197 -176 -167 -154 -148 -142 -130 -123 -116 -112 -102 -98 -91 -88 -83 -81 -73 -70 -67 -61 -59
-1917 -1863 -1802 -1755 -1748 -1758 -1767 -1769 -1770 -1780 -1782 -1784 -1786 -1788 -1789 -1788 -1788 -1789 -1787 -1755 -1727 -1705 -1702 -1593 -1473 -1472 -1517 -1533 -1552 -1621 -1668 -1718 -1772 -1766 -1738 -1727 -1728 -1726 -1693 -1686 -1686 -1659 -1566 -1496 -1427 -1338 -1316 -1244 -1120 -1071 -968 -897 -854 -807 -803 -800 -751 -621 -547 -524 -443 -446 -546 -724 -689 -594 -457 -277 -227 -178 -162 -158 -147 -141 -137 -124 -121 -116 -110 -102 -99 -91 -88 -82 -81 -73 -70 -67 -63 -59
-1960 -1917 -1872 -1831 -1804 -1793 -1788 -1787 -1786 -1786 -1788 -1791 -1799 -1812 -1798 -1790 -1786 -1780 -1762 -1749 -1734 -1698 -1685 -1665 -1626 -1584 -1565 -1546 -1549 -1626 -1681 -1733 -1782 -1778 -1751 -1735 -1728 -1711 -1694 -1680 -1667 -1632 -1556 -1497 -1433 -1333 -1312 -1243 -1197 -1086 -970 -922 -849 -834 -797 -795 -745 -607 -520 -500 -424 -414 -456 -654 -629 -605 -445 -285 -172 -158 -152 -151 -145 -137 -132 -123 -119 -113 -110 -102 -97 -90 -88 -82 -78 -75 -71 -67 -63 -60
-1993 -1962 -1947 -1894 -1855 -1830 -1813 -1804 -1800 -1791 -1790 -1793 -1803 -1815 -1802 -1789 -1779 -1770 -1754 -1746 -1732 -1696 -1586 -1618 -1621 -1615 -1607 -1589 -1587 -1644 -1695 -1741 -1788 -1780 -1760 -1742 -1727 -1701 -1693 -1671 -1640 -1577 -1543 -1500 -1457 -1414 -1325 -1254 -1192 -1094 -1061 -954 -854 -835 -839 -789 -757 -613 -510 -507 -454 -428 -416 -498 -516 -359 -265 -191 -159 -154 -149 -146 -141 -133 -129 -122 -116 -114 -108 -101 -96 -91 -86 -83 -78 -76 -71 -69 -66 -64
-2017 -1992 -1965 -1947 -1895 -1858 -1830 -1811 -1805 -1789 -1787 -1787 -1796 -1805 -1793 -1780 -1771 -1764 -1752 -1748 -1738 -1705 -1524 -1444 -1589 -1623 -1632 -1626 -1626 -1678 -1711 -1746 -1781 -1776 -1762 -1744 -1727 -1715 -1692 -1666 -1629 -1557 -1542 -1500 -1478 -1444 -1377 -1254 -1146 -1117 -1052 -971 -912 -883 -1025 -853 -805 -678 -634 -622 -537 -493 -354 -367 -301 -194 -180 -166 -154 -152 -147 -143 -136 -131 -127 -119 -117 -111 -107 -102 -96 -93 -85 -83 -79 -76 -71 -69 -67 -64
-2034 -2021 -2001 -1966 -1925 -1881 -1844 -1815 -1789 -1780 -1774 -1773 -1773 -1788 -1774 -1768 -1763 -1760 -1758 -1752 -1751 -1752 -1560 -1488 -1508 -1629 -1658 -1659 -1695 -1711 -1722 -1749 -1771 -1773 -1765 -1742 -1727 -1721 -1698 -1674 -1641 -1570 -1538 -1499 -1470 -1459 -1429 -1298 -1184 -1132 -1058 -1000 -1169 -1132 -1107 -1051 -921 -817 -750 -683 -527 -448 -314 -296 -215 -175 -168 -158 -151 -150 -145 -140 -134 -130 -125 -117 -115 -109 -107 -103 -95 -93 -85 -84 -81 -76 -71 -68 -67 -65
-2044 -2046 -2045 -2009 -1952 -1901 -1852 -1808 -1783 -1760 -1752 -1749 -1752 -1754 -1755 -1755 -1756 -1758 -1761 -1754 -1748 -1732 -1619 -1548 -1548 -1530 -1651 -1676 -1720 -1722 -1726 -1741 -1775 -1780 -1765 -1736 -1724 -1718 -1702 -1691 -1668 -1587 -1526 -1490 -1491 -1480 -1466 -1442 -1371 -1268 -1267 -1271 -1238 -1093 -1112 -1105 -1039 -889 -594 -570 -487 -456 -349 -226 -181 -165 -159 -152 -149 -145 -143 -138 -133 -128 -124 -117 -114 -110 -107 -102 -97 -93 -86 -84 -80 -76 -72 -70 -67 -65
-2063 -2076 -2081 -2047 -1977 -1914 -1852 -1798 -1742 -1730 -1722 -1720 -1727 -1742 -1740 -1738 -1739 -1745 -1752 -1746 -1723 -1704 -1661 -1622 -1624 -1627 -1653 -1685 -1718 -1720 -1721 -1735 -1755 -1782 -1763 -1733 -1715 -1708 -1699 -1692 -1656 -1586 -1518 -1522 -1510 -1503 -1492 -1482 -1461 -1421 -1436 -1434 -1299 -1171 -1218 -1220 -1115 -879 -658 -620 -423 -337 -253 -208 -170 -158 -154 -148 -145 -144 -143 -136 -133 -126 -123 -117 -114 -110 -107 -101 -98 -93 -87 -83 -80 -76 -73 -71 -67 -66
-2090 -2114 -2127 -2092 -2001 -1928 -1849 -1775 -1717 -1694 -1684 -1681 -1679 -1687 -1714 -1716 -1718 -1718 -1719 -1707 -1700 -1698 -1690 -1669 -1645 -1655 -1677 -1683 -1700 -1707 -1712 -1721 -1752 -1785 -1763 -1736 -1700 -1689 -1667 -1663 -1654 -1643 -1597 -1574 -1563 -1551 -1537 -1522 -1511 -1481 -1470 -1466 -1415 -1387 -1389 -1385 -1214 -1106 -935 -715 -561 -242 -195 -183 -164 -155 -151 -149 -145 -145 -142 -136 -130 -126 -122 -117 -114 -109 -107 -101 -98 -92 -87 -84 -79 -76 -73 -70 -67 -66
-2126 -2147 -2150 -2101 -2016 -1940 -1855 -1755 -1660 -1641 -1638 -1639 -1645 -1650 -1704 -1712 -1705 -1680 -1659 -1661 -1678 -1707 -1720 -1717 -1683 -1671 -1677 -1683 -1698 -1708 -1715 -1719 -1755 -1806 -1774 -1740 -1700 -1674 -1670 -1682 -1702 -1704 -1677 -1658 -1646 -1608 -1577 -1550 -1538 -1506 -1500 -1481 -1454 -1436 -1444 -1435 -1320 -1057 -950 -764 -552 -272 -187 -167 -161 -153 -150 -149 -147 -146 -141 -136 -131 -127 -122 -117 -114 -111 -106 -100 -98 -93 -87 -83 -81 -76 -73 -71 -69 -68
-2175 -2173 -2167 -2099 -2023 -1965 -1893 -1768 -1588 -1599 -1600 -1595 -1608 -1661 -1717 -1731 -1711 -1635 -1520 -1511 -1672 -1721 -1727 -1713 -1562 -1614 -1669 -1680 -1694 -1706 -1716 -1733 -1791 -1809 -1799 -1776 -1752 -1729 -1724 -1735 -1741 -1735 -1719 -1699 -1697 -1679 -1604 -1570 -1552 -1511 -1506 -1504 -1472 -1452 -1453 -1430 -1262 -1042 -735 -638 -464 -373 -206 -170 -166 -153 -150 -149 -147 -146 -142 -137 -132 -126 -123 -118 -114 -109 -107 -100 -97 -93 -87 -84 -82 -77 -76 -73 -70 -69
-2248 -2224 -2166 -2065 -2017 -1999 -1962 -1852 -1630 -1606 -1583 -1538 -1514 -1678 -1761 -1813 -1777 -1719 -1535 -1527 -1679 -1713 -1728 -1728 -1600 -1596 -1642 -1702 -1715 -1721 -1737 -1763 -1808 -1814 -1813 -1805 -1798 -1797 -1789 -1792 -1806 -1806 -1755 -1722 -1702 -1667 -1618 -1576 -1529 -1503 -1485 -1464 -1436 -1438 -1462 -1430 -1295 -1001 -708 -658 -563 -484 -287 -183 -165 -158 -153 -151 -150 -147 -141 -138 -133 -127 -124 -120 -114 -109 -107 -101 -97 -93 -87 -84 -81 -77 -76 -74 -70 -69
-2377 -2359 -2181 -2064 -2007 -2015 -2082 -2059 -1688 -1620 -1612 -1612 -1538 -1603 -1798 -1850 -1852 -1796 -1628 -1598 -1691 -1722 -1750 -1758 -1692 -1651 -1680 -1707 -1719 -1730 -1753 -1780 -1819 -1827 -1830 -1831 -1834 -1841 -1832 -1831 -1829 -1820 -1781 -1745 -1717 -1673 -1620 -1562 -1529 -1481 -1450 -1416 -1398 -1418 -1430 -1417 -1202 -1050 -953 -825 -744 -637 -499 -257 -178 -161 -156 -155 -151 -149 -143 -139 -135 -129 -125 -121 -116 -111 -108 -103 -99 -94 -87 -85 -82 -78 -76 -74 -69 -69
-2542 -2536 -2487 -2196 -1961 -1957 -2101 -2091 -1940 -1662 -1590 -1662 -1661 -1692 -1783 -1809 -1807 -1771 -1662 -1661 -1714 -1754 -1790 -1809 -1741 -1686 -1693 -1727 -1719 -1744 -1762 -1790 -1831 -1843 -1845 -1852 -1860 -1860 -1857 -1853 -1855 -1840 -1790 -1755 -1733 -1699 -1617 -1558 -1482 -1457 -1429 -1421 -1345 -1252 -1262 -1248 -1098 -1051 -1043 -933 -862 -660 -466 -295 -207 -168 -160 -158 -156 -152 -146 -141 -137 -132 -126 -121 -118 -113 -110 -104 -101 -96 -90 -87 -86 -79 -76 -74 -70 -68
-2547 -2537 -2516 -2410 -2113 -1993 -2007 -2067 -1993 -1842 -1688 -1685 -1693 -1738 -1760 -1784 -1784 -1773 -1750 -1745 -1761 -1789 -1820 -1831 -1780 -1721 -1713 -1783 -1753 -1747 -1762 -1793 -1820 -1845 -1858 -1871 -1885 -1887 -1872 -1859 -1854 -1831 -1794 -1757 -1734 -1702 -1610 -1538 -1469 -1442 -1411 -1381 -1275 -1236 -1203 -1066 -1023 -991 -963 -896 -777 -429 -297 -242 -187 -168 -165 -164 -160 -155 -151 -144 -139 -134 -128 -123 -119 -113 -111 -106 -103 -97 -92 -89 -88 -80 -77 -74 -71 -70
-2548 -2522 -2480 -2367 -2229 -2014 -1954 -1915 -1852 -1802 -1743 -1721 -1718 -1720 -1751 -1777 -1784 -1786 -1782 -1782 -1801 -1819 -1832 -1832 -1812 -1765 -1733 -1790 -1791 -1741 -1757 -1797 -1816 -1850 -1877 -1895 -1908 -1914 -1881 -1862 -1851 -1828 -1794 -1756 -1718 -1666 -1607 -1519 -1474 -1410 -1391 -1338 -1232 -1224 -1133 -1046 -972 -878 -724 -691 -546 -192 -169 -169 -176 -171 -167 -167 -166 -159 -154 -149 -143 -140 -133 -124 -122 -116 -114 -106 -103 -99 -93 -89 -88 -82 -79 -76 -72 -71
