DataFiles/etopo1_-126_-122_46_49_1min.asc
ncols        241
nrows        181
xllcorner    -126.000000000000
yllcorner    46.000000000000
cellsize     0.016666666667
nodata_value    -99999
[rows 40 to 79 of 181, columns 0 to 89 of 241]
-825 -790 -687 -582 -510 -475 -361 -289 -237 -170 -168 -168 -165 -157 -154 -149 -143 -142 -142 -141 -141 -140 -139 -140 -141 -142 -142 -139 -136 -134 -133 -132 -131 -129 -128 -139 -134 -119 -116 -114 -113 -113 -115 -147 -182 -181 -183 -184 -183 -185 -189 -135 -120 -114 -113 -126 -192 -195 -211 -215 -220 -187 -167 -196 -310 -310 -282 -183 -166 -79 -54 -47 -43 -43 -46 -45 -42 -27 -20 -9 -1 80 162 199 246 199 145 237 151 146
-756 -694 -616 -558 -521 -468 -356 -296 -194 -179 -177 -176 -174 -171 -163 -158 -153 -153 -149 -145 -143 -140 -139 -138 -138 -137 -138 -132 -130 -130 -129 -130 -129 -128 -128 -130 -123 -115 -108 -107 -108 -110 -112 -159 -178 -181 -185 -188 -188 -187 -144 -119 -116 -112 -112 -136 -192 -192 -199 -208 -225 -185 -271 -331 -307 -269 -182 -164 -93 -58 -47 -42 -39 -38 -39 -40 -39 -34 -21 -14 -2 46 242 206 210 241 261 267 253 248
-690 -609 -526 -391 -321 -280 -265 -274 -226 -193 -183 -179 -175 -172 -168 -165 -163 -159 -156 -148 -145 -143 -139 -138 -136 -135 -133 -132 -131 -130 -128 -128 -127 -127 -127 -127 -116 -108 -103 -98 -98 -102 -108 -165 -174 -176 -187 -193 -196 -191 -127 -115 -113 -112 -124 -195 -191 -192 -210 -235 -277 -295 -291 -273 -212 -166 -160 -112 -66 -51 -44 -39 -37 -36 -35 -35 -34 -32 -24 -8 0 38 278 375 286 287 315 258 215 194
-692 -572 -460 -401 -364 -343 -382 -322 -322 -337 -294 -188 -176 -172 -171 -171 -174 -174 -153 -151 -148 -145 -143 -139 -136 -135 -134 -134 -132 -129 -129 -128 -129 -130 -127 -118 -112 -108 -99 -95 -95 -97 -103 -166 -173 -174 -195 -197 -196 -132 -119 -119 -124 -160 -192 -188 -190 -202 -235 -275 -273 -270 -259 -179 -177 -174 -136 -76 -59 -49 -42 -38 -35 -34 -33 -33 -32 -30 -22 0 70 36 87 256 400 433 318 166 205 196
-697 -567 -507 -496 -495 -513 -469 -459 -382 -361 -294 -209 -193 -189 -186 -201 -283 -224 -165 -153 -149 -149 -146 -141 -137 -138 -139 -138 -133 -131 -131 -132 -133 -127 -124 -118 -112 -106 -101 -96 -96 -97 -100 -156 -161 -159 -191 -212 -182 -120 -119 -169 -138 -158 -179 -168 -145 -184 -280 -293 -227 -215 -193 -190 -188 -153 -89 -69 -57 -47 -40 -37 -34 -33 -34 -33 -31 -27 -17 -1 76 57 37 73 209 306 217 132 239 249
-726 -663 -583 -614 -642 -648 -536 -466 -382 -346 -278 -272 -269 -290 -325 -389 -468 -414 -356 -301 -182 -159 -154 -149 -146 -145 -143 -143 -138 -137 -140 -142 -131 -128 -124 -118 -112 -108 -100 -99 -98 -101 -105 -147 -117 -147 -173 -213 -195 -126 -151 -168 -118 -117 -117 -118 -135 -243 -313 -313 -193 -223 -215 -199 -169 -109 -80 -66 -57 -47 -41 -34 -32 -32 -31 -31 -31 -26 -1 11 65 66 40 45 89 92 91 120 297 352
-752 -734 -706 -676 -652 -625 -556 -481 -419 -382 -371 -362 -353 -464 -485 -478 -620 -566 -549 -480 -380 -252 -172 -174 -154 -151 -151 -151 -150 -147 -143 -141 -131 -127 -122 -116 -107 -103 -103 -102 -102 -108 -137 -126 -113 -121 -127 -210 -211 -181 -193 -131 -119 -119 -118 -118 -121 -200 -308 -308 -269 -252 -205 -186 -130 -98 -76 -63 -57 -46 -42 -34 -32 -31 -32 -32 -31 -27 0 83 75 142 75 110 72 118 142 113 340 330
-807 -839 -866 -791 -661 -580 -564 -530 -498 -493 -494 -504 -521 -578 -649 -732 -712 -639 -554 -540 -519 -436 -262 -193 -158 -156 -155 -153 -152 -152 -145 -140 -136 -127 -119 -113 -108 -105 -104 -105 -109 -127 -122 -112 -119 -131 -218 -219 -197 -182 -146 -123 -119 -120 -147 -187 -229 -252 -284 -280 -269 -253 -203 -164 -114 -95 -73 -61 -55 -48 -43 -35 -33 -31 -32 -31 -30 -23 -3 41 95 193 169 100 198 165 170 190 232 387
-926 -882 -873 -860 -783 -658 -643 -629 -626 -639 -640 -661 -679 -783 -834 -881 -814 -642 -465 -462 -404 -358 -205 -162 -159 -157 -155 -154 -153 -150 -144 -142 -136 -128 -120 -114 -112 -107 -105 -105 -105 -108 -114 -152 -187 -213 -223 -252 -151 -121 -118 -118 -120 -120 -124 -210 -195 -200 -267 -275 -271 -251 -207 -135 -106 -87 -70 -59 -55 -48 -44 -41 -36 -33 -31 -31 -29 -16 -1 65 104 220 256 181 189 171 184 278 208 337
-1028 -928 -848 -892 -863 -790 -712 -723 -757 -779 -796 -745 -855 -862 -840 -762 -674 -460 -390 -315 -213 -181 -167 -162 -159 -156 -151 -149 -147 -148 -148 -138 -130 -125 -121 -116 -114 -111 -110 -112 -111 -115 -165 -191 -184 -145 -220 -278 -238 -174 -125 -120 -120 -120 -127 -210 -210 -241 -277 -279 -281 -248 -172 -124 -99 -84 -69 -58 -54 -48 -45 -42 -42 -38 -27 -19 -9 -2 10 67 73 177 212 179 109 129 152 192 228 194
-1082 -973 -908 -963 -926 -907 -920 -1001 -971 -959 -936 -943 -950 -899 -767 -627 -526 -420 -357 -220 -182 -173 -168 -163 -156 -151 -148 -147 -145 -146 -146 -144 -130 -124 -121 -115 -113 -112 -111 -113 -118 -156 -137 -135 -165 -256 -259 -273 -287 -286 -262 -150 -149 -170 -230 -205 -195 -202 -281 -291 -294 -250 -143 -117 -98 -81 -67 -59 -53 -47 -44 -42 -41 -40 -20 -4 -1 71 47 41 60 89 165 114 78 105 84 94 74 106
-1118 -1081 -1050 -1046 -947 -961 -1145 -1185 -1178 -1116 -1084 -1073 -977 -794 -582 -473 -446 -407 -277 -208 -188 -178 -167 -159 -152 -146 -145 -142 -144 -145 -147 -141 -133 -121 -117 -112 -112 -112 -112 -113 -122 -139 -135 -137 -236 -266 -265 -269 -284 -294 -292 -286 -283 -267 -235 -195 -197 -208 -286 -289 -319 -229 -130 -114 -95 -80 -66 -58 -53 -45 -43 -40 -37 -36 -34 -19 -4 4 45 40 29 47 81 61 45 40 51 82 148 186
-1183 -1142 -1130 -1072 -1006 -1143 -1300 -1269 -1255 -1205 -1169 -1092 -899 -470 -388 -329 -301 -282 -243 -223 -200 -186 -167 -157 -148 -144 -140 -139 -139 -140 -140 -137 -131 -122 -115 -112 -112 -112 -115 -122 -125 -139 -218 -251 -282 -281 -279 -278 -270 -254 -257 -253 -253 -262 -260 -216 -174 -170 -269 -271 -332 -179 -121 -109 -93 -77 -66 -59 -53 -46 -42 -39 -35 -34 -33 -30 -23 -2 25 39 47 15 23 30 36 70 128 198 152 134
-1334 -1435 -1367 -1238 -1249 -1370 -1286 -1200 -1137 -1118 -1032 -921 -670 -436 -366 -306 -283 -270 -250 -241 -214 -190 -174 -163 -153 -150 -143 -141 -140 -139 -137 -133 -128 -123 -116 -114 -114 -114 -121 -128 -134 -204 -237 -272 -283 -316 -301 -270 -179 -137 -144 -213 -223 -254 -293 -305 -212 -164 -262 -270 -315 -184 -114 -103 -89 -79 -65 -58 -53 -46 -40 -37 -35 -33 -32 -30 -25 -13 -1 41 34 31 11 35 23 54 114 116 97 77
-1401 -1435 -1399 -1235 -1226 -1131 -1026 -999 -971 -927 -864 -819 -646 -502 -432 -359 -346 -348 -307 -266 -227 -205 -184 -175 -165 -158 -154 -146 -143 -140 -137 -132 -127 -122 -117 -115 -116 -119 -129 -141 -173 -199 -244 -270 -295 -319 -271 -239 -205 -133 -128 -135 -163 -142 -166 -302 -329 -327 -320 -318 -284 -122 -108 -99 -88 -78 -64 -58 -53 -46 -39 -37 -34 -33 -31 -29 -25 -18 -4 14 52 10 10 14 24 43 52 73 92 83
-1311 -1192 -1111 -1098 -1090 -1049 -934 -895 -879 -846 -800 -759 -716 -652 -600 -588 -613 -585 -527 -338 -343 -348 -315 -200 -170 -165 -161 -158 -151 -145 -138 -132 -125 -120 -118 -117 -119 -126 -138 -188 -197 -224 -247 -263 -236 -169 -148 -142 -144 -143 -134 -130 -127 -125 -124 -136 -180 -256 -252 -181 -125 -111 -103 -96 -87 -78 -65 -59 -54 -46 -40 -36 -35 -32 -31 -30 -28 -18 -2 64 55 12 10 52 68 125 112 124 141 101
-1337 -1149 -1067 -1046 -1051 -1022 -916 -859 -836 -815 -749 -749 -760 -758 -761 -751 -727 -735 -611 -453 -454 -451 -422 -379 -192 -173 -168 -165 -160 -151 -142 -138 -132 -125 -125 -129 -130 -135 -195 -314 -252 -234 -236 -215 -150 -145 -144 -143 -142 -142 -141 -140 -133 -131 -128 -134 -131 -132 -140 -126 -116 -107 -102 -95 -86 -79 -66 -60 -55 -48 -41 -37 -34 -33 -32 -31 -30 -27 -3 65 36 13 10 30 75 137 104 110 108 61
-1423 -1341 -1206 -1102 -1070 -1064 -1004 -966 -934 -844 -789 -802 -824 -847 -880 -877 -826 -776 -682 -561 -502 -481 -417 -360 -222 -176 -172 -166 -163 -158 -146 -140 -136 -135 -133 -132 -134 -152 -372 -477 -470 -276 -201 -153 -149 -145 -144 -146 -145 -145 -144 -142 -139 -135 -132 -132 -131 -128 -122 -117 -111 -106 -100 -94 -86 -79 -68 -60 -57 -50 -43 -38 -35 -33 -33 -31 -31 -29 -7 4 45 43 25 58 160 106 124 113 75 73
-1502 -1459 -1431 -1358 -1170 -1142 -1110 -1079 -1063 -924 -909 -892 -905 -980 -1034 -1017 -967 -868 -690 -571 -485 -373 -357 -310 -197 -180 -174 -167 -163 -160 -152 -144 -140 -139 -139 -144 -212 -307 -498 -522 -493 -355 -181 -154 -153 -152 -152 -151 -151 -150 -147 -143 -140 -135 -133 -131 -127 -122 -118 -114 -111 -105 -99 -94 -87 -81 -69 -62 -58 -54 -45 -40 -36 -35 -33 -33 -31 -29 -11 0 64 58 88 54 114 146 121 71 45 62
-1528 -1498 -1472 -1374 -1358 -1312 -1162 -1119 -1091 -1206 -1119 -1143 -1076 -1046 -1040 -1026 -973 -896 -771 -629 -427 -319 -237 -213 -196 -186 -176 -166 -162 -158 -157 -153 -149 -149 -151 -212 -476 -507 -575 -563 -434 -244 -165 -162 -161 -158 -155 -156 -153 -151 -148 -145 -141 -136 -133 -129 -124 -120 -118 -114 -109 -105 -99 -95 -88 -83 -70 -63 -60 -56 -48 -42 -39 -35 -33 -33 -31 -28 -12 -1 61 71 135 137 104 134 94 46 52 74
-1546 -1527 -1507 -1411 -1469 -1473 -1365 -1295 -1319 -1365 -1367 -1349 -1164 -1050 -1035 -1000 -942 -901 -819 -698 -568 -390 -256 -213 -202 -190 -178 -168 -162 -160 -160 -159 -156 -159 -168 -269 -513 -561 -620 -579 -344 -179 -163 -162 -161 -160 -161 -161 -159 -155 -151 -149 -143 -138 -134 -128 -124 -121 -117 -114 -110 -105 -100 -97 -90 -84 -76 -65 -62 -58 -52 -44 -39 -36 -34 -33 -31 -21 -13 -3 100 85 128 148 102 121 59 52 63 75
-1560 -1551 -1550 -1486 -1503 -1511 -1474 -1435 -1438 -1411 -1398 -1159 -916 -947 -946 -926 -893 -861 -810 -719 -623 -494 -323 -259 -219 -202 -184 -171 -165 -164 -165 -166 -166 -187 -229 -317 -549 -638 -645 -622 -433 -325 -261 -210 -168 -167 -165 -162 -161 -158 -154 -150 -145 -140 -134 -128 -124 -121 -117 -114 -111 -105 -101 -98 -93 -86 -79 -70 -64 -62 -56 -47 -41 -36 -33 -32 -31 -29 -19 -4 55 118 132 125 91 90 80 50 95 89
-1577 -1560 -1567 -1560 -1522 -1523 -1512 -1498 -1470 -1434 -1383 -1287 -1051 -965 -916 -862 -849 -826 -779 -698 -623 -538 -456 -293 -258 -222 -211 -189 -176 -173 -174 -176 -187 -277 -372 -399 -628 -691 -697 -638 -482 -417 -371 -326 -195 -173 -172 -166 -164 -162 -158 -152 -147 -141 -134 -129 -125 -121 -118 -115 -112 -109 -103 -99 -93 -86 -81 -79 -74 -64 -59 -52 -42 -36 -34 -31 -31 -30 -27 -10 5 119 126 119 92 68 92 49 122 102
-1584 -1571 -1568 -1559 -1540 -1535 -1530 -1526 -1483 -1446 -1408 -1382 -1332 -1110 -956 -838 -794 -738 -687 -645 -601 -543 -484 -327 -269 -227 -222 -221 -214 -205 -205 -214 -273 -365 -565 -631 -721 -737 -736 -634 -565 -488 -426 -367 -269 -194 -176 -174 -168 -167 -164 -157 -152 -142 -137 -131 -126 -122 -118 -116 -112 -110 -105 -101 -95 -88 -82 -81 -79 -64 -62 -57 -46 -39 -35 -32 -30 -29 -29 -24 -4 79 97 91 69 37 45 55 59 65
-1593 -1581 -1572 -1555 -1547 -1547 -1535 -1530 -1501 -1443 -1435 -1418 -1408 -1328 -1185 -905 -723 -670 -638 -613 -588 -555 -490 -359 -283 -232 -227 -238 -286 -365 -389 -380 -492 -678 -766 -802 -802 -749 -714 -626 -558 -479 -412 -366 -310 -242 -192 -177 -173 -168 -166 -161 -153 -149 -138 -132 -127 -122 -120 -116 -113 -110 -107 -102 -96 -90 -84 -82 -75 -65 -65 -59 -54 -43 -38 -34 -29 -29 -29 -26 -20 -2 87 41 33 47 48 41 37 41
-1601 -1590 -1581 -1568 -1545 -1550 -1547 -1543 -1519 -1474 -1464 -1449 -1417 -1332 -1167 -916 -787 -702 -667 -629 -598 -560 -484 -398 -345 -303 -294 -333 -415 -469 -496 -572 -687 -791 -835 -848 -824 -761 -664 -611 -535 -480 -408 -373 -337 -282 -208 -182 -177 -174 -170 -165 -158 -149 -145 -134 -130 -125 -121 -118 -115 -112 -108 -103 -99 -93 -88 -82 -77 -73 -68 -62 -57 -50 -41 -36 -33 -28 -28 -27 -23 -6 1 19 25 21 21 25 27 37
-1636 -1611 -1597 -1585 -1552 -1550 -1552 -1552 -1544 -1521 -1524 -1506 -1436 -1341 -1210 -1054 -864 -821 -762 -675 -633 -583 -546 -491 -449 -433 -451 -502 -578 -610 -641 -740 -788 -825 -844 -879 -830 -763 -659 -612 -537 -484 -428 -374 -344 -310 -252 -194 -181 -174 -173 -171 -164 -155 -146 -141 -132 -125 -122 -119 -115 -113 -109 -106 -101 -96 -90 -84 -81 -76 -72 -66 -60 -55 -45 -41 -36 -30 -29 -27 -25 -16 -2 72 87 64 52 41 38 76
-1667 -1654 -1635 -1611 -1575 -1555 -1554 -1554 -1552 -1528 -1515 -1517 -1483 -1368 -1251 -1151 -1099 -979 -928 -904 -795 -734 -691 -671 -655 -637 -632 -710 -749 -836 -838 -820 -823 -852 -868 -881 -878 -836 -705 -622 -541 -485 -440 -392 -354 -332 -300 -266 -211 -184 -171 -170 -166 -160 -151 -142 -136 -127 -123 -119 -116 -113 -110 -107 -104 -98 -92 -86 -83 -81 -74 -71 -65 -59 -53 -44 -39 -36 -32 -32 -29 -25 -10 0 65 51 101 52 64 77
-1702 -1695 -1681 -1648 -1602 -1570 -1548 -1551 -1549 -1529 -1515 -1519 -1489 -1422 -1290 -1222 -1167 -1128 -1061 -1022 -947 -856 -801 -748 -728 -695 -723 -879 -947 -983 -986 -949 -890 -872 -864 -893 -908 -907 -768 -658 -560 -499 -462 -436 -423 -392 -354 -329 -259 -232 -186 -172 -170 -164 -155 -144 -136 -132 -124 -120 -117 -114 -111 -107 -104 -102 -96 -91 -85 -83 -79 -74 -69 -63 -57 -48 -44 -38 -35 -33 -33 -32 -31 -27 -20 -12 1 42 69 88
-1735 -1736 -1736 -1703 -1613 -1597 -1545 -1540 -1539 -1529 -1516 -1507 -1487 -1425 -1302 -1274 -1237 -1201 -1151 -1109 -1065 -1008 -893 -833 -809 -807 -840 -949 -1000 -1042 -1043 -1044 -1017 -988 -951 -953 -938 -923 -728 -610 -552 -505 -483 -462 -455 -448 -398 -360 -335 -321 -277 -213 -178 -168 -162 -150 -141 -134 -130 -122 -118 -113 -111 -107 -104 -102 -98 -93 -87 -84 -80 -75 -72 -65 -60 -54 -45 -42 -37 -33 -33 -32 -31 -29 -28 -26 -16 2 66 77
-1712 -1719 -1713 -1686 -1615 -1601 -1561 -1516 -1521 -1523 -1502 -1499 -1481 -1401 -1300 -1296 -1278 -1272 -1244 -1144 -1115 -1048 -951 -884 -856 -856 -873 -972 -1070 -1075 -1069 -1056 -1040 -1007 -971 -918 -866 -791 -656 -598 -563 -551 -531 -508 -494 -486 -457 -421 -370 -347 -344 -330 -294 -214 -182 -161 -151 -138 -130 -127 -119 -115 -111 -107 -104 -100 -97 -96 -90 -85 -80 -78 -73 -68 -62 -59 -50 -44 -37 -34 -31 -31 -30 -29 -29 -27 -25 -14 -2 36
-1649 -1647 -1642 -1630 -1614 -1591 -1536 -1511 -1500 -1495 -1488 -1483 -1464 -1424 -1384 -1350 -1329 -1286 -1253 -1151 -1097 -1023 -961 -921 -930 -945 -1010 -1062 -1065 -1051 -993 -958 -880 -837 -829 -776 -735 -707 -645 -615 -579 -595 -610 -568 -536 -526 -513 -495 -465 -434 -392 -385 -384 -354 -319 -190 -169 -146 -133 -129 -123 -116 -113 -108 -104 -102 -101 -98 -94 -89 -81 -79 -74 -71 -65 -61 -55 -46 -42 -36 -34 -31 -29 -29 -29 -27 -25 -23 -21 -15
-1579 -1577 -1592 -1605 -1608 -1591 -1524 -1502 -1501 -1495 -1484 -1472 -1465 -1436 -1408 -1396 -1364 -1259 -1202 -1150 -1061 -1014 -941 -940 -1020 -1091 -1099 -1067 -1022 -969 -934 -882 -844 -816 -804 -777 -760 -744 -726 -716 -710 -699 -683 -659 -633 -612 -599 -572 -538 -506 -498 -470 -389 -359 -281 -285 -211 -148 -138 -131 -124 -118 -113 -110 -107 -105 -101 -98 -94 -91 -82 -80 -76 -71 -68 -63 -58 -51 -44 -38 -35 -32 -31 -29 -28 -27 -27 -25 -23 -20
-1571 -1553 -1565 -1606 -1633 -1629 -1517 -1469 -1456 -1456 -1462 -1438 -1423 -1394 -1374 -1362 -1305 -1234 -1162 -1135 -1054 -1019 -1020 -1012 -1081 -1143 -1109 -1012 -983 -953 -926 -901 -892 -847 -822 -796 -809 -813 -815 -827 -845 -831 -786 -740 -705 -691 -676 -650 -606 -578 -521 -512 -471 -356 -333 -274 -187 -150 -143 -131 -124 -117 -113 -110 -106 -103 -99 -97 -94 -91 -82 -79 -76 -75 -68 -65 -62 -56 -48 -42 -36 -34 -31 -29 -28 -29 -27 -26 -24 -20
-1606 -1569 -1542 -1636 -1641 -1615 -1567 -1516 -1421 -1406 -1399 -1393 -1375 -1353 -1336 -1295 -1246 -1196 -1145 -1113 -1088 -1076 -1076 -1093 -1229 -1223 -1167 -993 -958 -952 -941 -917 -899 -880 -846 -839 -845 -873 -899 -902 -885 -874 -846 -794 -750 -733 -725 -708 -673 -650 -641 -621 -589 -425 -378 -267 -207 -153 -146 -133 -130 -122 -119 -113 -109 -106 -104 -100 -96 -91 -87 -80 -77 -75 -72 -66 -64 -59 -52 -45 -41 -35 -32 -31 -28 -29 -27 -26 -23 -22
-1604 -1574 -1513 -1613 -1619 -1610 -1578 -1538 -1438 -1364 -1356 -1340 -1333 -1319 -1288 -1245 -1200 -1157 -1121 -1108 -1106 -1111 -1133 -1177 -1234 -1219 -1183 -1008 -964 -964 -966 -955 -936 -925 -888 -877 -924 -949 -959 -966 -956 -902 -882 -860 -807 -762 -751 -757 -722 -711 -679 -666 -497 -357 -317 -265 -184 -159 -150 -142 -133 -127 -120 -116 -110 -106 -104 -101 -98 -93 -90 -81 -79 -74 -74 -68 -64 -61 -56 -49 -43 -38 -34 -32 -29 -28 -27 -26 -24 -22
-1573 -1539 -1511 -1573 -1613 -1599 -1569 -1548 -1511 -1360 -1338 -1323 -1310 -1299 -1256 -1187 -1160 -1125 -1100 -1103 -1116 -1137 -1178 -1220 -1230 -1212 -1134 -1000 -995 -1010 -1053 -1050 -1030 -1018 -1015 -1012 -1018 -995 -978 -971 -966 -943 -889 -866 -854 -818 -773 -770 -757 -745 -726 -682 -605 -340 -290 -265 -187 -161 -155 -147 -138 -128 -122 -117 -113 -108 -105 -101 -100 -94 -92 -84 -79 -76 -72 -71 -64 -63 -58 -54 -47 -42 -36 -34 -31 -28 -26 -26 -24 -23
-1559 -1493 -1488 -1506 -1551 -1559 -1549 -1536 -1520 -1415 -1338 -1323 -1305 -1286 -1238 -1181 -1161 -1129 -1108 -1112 -1139 -1181 -1226 -1243 -1243 -1208 -1068 -1025 -1028 -1049 -1087 -1088 -1060 -1042 -1025 -1030 -1031 -1020 -995 -985 -974 -950 -913 -895 -894 -887 -799 -783 -781 -760 -735 -672 -634 -510 -409 -352 -207 -161 -159 -151 -143 -129 -124 -119 -115 -111 -107 -104 -102 -96 -94 -86 -82 -76 -72 -71 -66 -64 -59 -53 -49 -45 -39 -37 -32 -30 -27 -26 -24 -22
-1551 -1465 -1449 -1444 -1488 -1517 -1525 -1521 -1511 -1468 -1368 -1334 -1316 -1260 -1236 -1219 -1193 -1166 -1148 -1151 -1168 -1221 -1252 -1251 -1241 -1199 -1113 -1057 -1056 -1067 -1086 -1089 -1081 -1069 -1064 -1042 -1034 -1013 -1005 -1000 -996 -981 -935 -916 -916 -906 -821 -787 -774 -746 -703 -657 -589 -521 -332 -227 -176 -166 -164 -156 -149 -135 -126 -122 -117 -113 -109 -105 -103 -98 -96 -90 -83 -76 -74 -71 -68 -64 -59 -56 -52 -48 -44 -40 -36 -32 -28 -25 -24 -22
-1519 -1466 -1439 -1429 -1434 -1486 -1510 -1518 -1519 -1501 -1421 -1338 -1296 -1252 -1242 -1243 -1232 -1210 -1177 -1165 -1183 -1289 -1295 -1275 -1244 -1199 -1142 -1096 -1083 -1088 -1094 -1093 -1092 -1083 -1073 -1063 -1042 -1024 -1010 -1008 -1009 -1000 -945 -920 -912 -897 -816 -775 -733 -724 -697 -623 -560 -439 -359 -202 -173 -170 -168 -162 -154 -140 -130 -126 -121 -115 -111 -107 -104 -101 -97 -95 -84 -81 -74 -71 -69 -65 -62 -58 -54 -48 -47 -42 -38 -34 -30 -28 -25 -22
